1 32.5347 10.8731 0.0264305
2 34.6231 10.1589 0.0386043
3 36.2154 10.2146 0.0452063
4 38.3095 11.1721 0.0493611
5 35.429 14.0073 0.0140341
6 27.8314 17.8791 -0.0171229
7 17.4866 19.4305 -0.0399236
8 23.2297 6.05039 0.134283
9 43.567 -5.84072 0.339162
10 50.6128 1.25082 0.311642
11 55.1234 3.96124 0.28865
12 46.612 9.63617 0.196122
13 47.3945 9.38661 0.188866
14 53.1801 9.79446 0.186913
15 62.4008 0.0997296 0.292792
16 84.2451 -28.7721 0.594968
17 73.4995 -24.4789 0.516675
18 60.02 -16.5595 0.361947
19 48.0872 -12.5037 0.297286
20 41.2677 -13.2521 0.286923
21 31.9454 -12.5897 0.264446
22 25.7331 -12.1056 0.244312
23 25.3234 -12.2227 0.202693
24 24.7657 -9.12324 0.158665
25 22.0663 15.2678 -0.0243796
26 -2.38217 34.0371 -0.306502
27 -16.129 29.862 -0.362961
28 -22.9467 20.0362 -0.293828
29 -18.2235 16.8787 -0.250529
30 -14.4301 22.7396 -0.292922
31 -12.9652 31.0953 -0.331221
32 -2.31509 30.1783 -0.277356
33 -6.70496 16.7975 -0.185349
34 -1.88728 13.7018 -0.187291
35 -10.717 19.2962 -0.319801
36 -23.5513 16.4378 -0.367724
37 -25.7068 13.5917 -0.351967
38 -18.4 12.9653 -0.299257
39 -13.1006 8.52238 -0.23876
40 -19.7299 3.61275 -0.194071
41 -10.7412 2.94705 -0.155598
42 -3.02361 -1.02011 -0.0851954
43 4.35088 -8.59743 0.0143057
44 8.60558 -14.3161 0.0790328
45 10.1221 -18.3831 0.126426
46 17.0544 -23.8091 0.205529
47 20.48 -29.4687 0.283012
48 18.6255 -28.4362 0.276525
49 9.79632 -31.645 0.28051
50 10.835 -31.0542 0.281792
51 3.82314 -28.9595 0.255103
52 -0.545886 -37.2457 0.306818
53 -1.32892 -31.4546 0.248429
54 3.66249 -29.1261 0.255601
55 5.8767 -28.4126 0.277094
56 6.88203 -27.089 0.287397
57 10.2044 -20.6142 0.242806
58 2.06058 -3.18784 0.0853262
59 -0.738477 -14.9503 0.158924
60 -3.39789 -6.80016 0.131672
61 -6.22988 1.19782 0.0844624
62 -2.66692 15.5667 0.00978873
63 4.57427 29.7727 -0.0663408
64 3.41837 34.5429 -0.12948
65 -6.65299 45.6517 -0.250636
66 -5.46056 42.1283 -0.207526
67 -4.63246 35.236 -0.104278
68 -9.33044 30.7936 -0.0776121
69 -19.5725 28.1376 -0.121867
70 -33.6524 26.5477 -0.356865
71 -36.8527 19.2543 -0.337335
72 -41.4039 26.6438 -0.381784
73 -42.1909 30.8527 -0.39055
74 -43.3629 38.9813 -0.446078
75 -39.1921 35.5627 -0.39358
76 -38.3014 42.0854 -0.453644
77 -36.0831 38.8311 -0.393402
78 -36.9356 30.0421 -0.267772
79 -31.194 27.9836 -0.234174
80 -38.6128 37.5977 -0.389206
81 -39.3196 32.8605 -0.389702
82 -36.9092 19.6127 -0.287931
83 -30.4688 14.1284 -0.228965
84 -28.8865 20.4028 -0.264783
85 -23.2699 23.9283 -0.263033
86 -7.96161 23.2704 -0.204656
87 -1.08162 16.2891 -0.125791
88 1.22877 11.811 -0.0997582
89 13.0868 -4.36727 0.0784549
90 9.28194 -16.8863 0.152933
91 10.6461 -21.3488 0.179017
92 11.6295 -26.6008 0.205502
93 4.63529 -25.7364 0.143643
94 -1.59071 -26.9212 0.084314
95 3.82841 -33.5284 0.141523
96 2.60756 -35.1956 0.139788
97 15.6793 -34.0373 0.239666
98 16.174 -33.0259 0.232577
99 14.7493 -30.6943 0.220873
100 14.1558 -30.9844 0.231755
101 13.939 -26.925 0.203654
102 16.1028 -26.1871 0.199225
103 19.0667 -28.2103 0.226324
104 19.1673 -26.3125 0.210643
105 17.7342 -20.3429 0.157104
106 17.1484 -17.5408 0.150882
107 14.2337 -11.5031 0.109269
108 9.83984 -8.12782 0.0824271
109 8.7535 -5.69313 0.0836779
110 5.14034 -0.0235621 0.0546231
111 1.03319 0.0766825 0.0446145
112 4.43829 -3.99051 0.0810869
113 6.65242 2.24472 0.0705149
114 5.62429 6.6186 0.0430439
115 6.65415 9.66228 0.0178076
116 8.02662 12.0725 0.0144827
117 10.8404 10.5898 0.0399286
118 9.0635 13.6283 0.00822996
119 10.7418 12.2366 0.0341858
120 10.856 12.2116 0.0355838
121 14.4635 15.8917 0.0341562
122 14.9906 12.5875 0.0624416
123 16.2323 16.2191 0.0150977
124 14.0691 12.8842 0.0223036
125 14.955 11.2848 0.0374894
126 14.5383 13.8737 0.0127017
127 20.8562 8.5337 0.07022
128 23.7343 3.86529 0.100394
129 34.9182 -12.6608 0.266211
130 38.7601 -15.3839 0.308206
131 35.2238 -5.30252 0.213445
132 40.1378 0.376772 0.204696
133 34.9974 3.01411 0.144848
134 29.8455 5.649 0.0848844
135 1.3369 -11.0677 0.0261775
136 -19.925 -14.6838 -0.109692
137 -25.6242 -25.4968 -0.0177356
138 -27.655 -20.0194 -0.0615527
139 -24.6956 -26.6784 0.0403397
140 -23.6251 -19.7643 0.00979393
141 -29.2817 -8.73952 -0.0761853
142 -37.8636 0.309713 -0.176809
143 -39.619 6.45404 -0.226572
144 -37.9329 7.82391 -0.221345
145 -38.8831 4.98854 -0.186921
146 -37.7808 4.42282 -0.168644
147 -33.3766 1.94176 -0.144243
148 -31.6079 1.98589 -0.1549
149 -27.074 -4.33 -0.110439
150 -24.3383 -2.59081 -0.118352
151 -18.8749 -2.9849 -0.101872
152 -14.3559 -1.82543 -0.106904
153 -11.7788 0.17676 -0.127974
154 -10.1936 3.29482 -0.146768
155 -4.3831 4.65012 -0.117613
156 -0.881981 5.92469 -0.0942362
157 2.33426 4.08184 -0.0450752
158 7.90764 3.65985 0.00149576
159 12.1001 3.40062 0.0343222
160 12.9106 5.6988 0.0267582
161 15.1105 7.59887 0.0235941
162 12.076 1.74985 0.0551699
163 15.051 0.141502 0.0858173
164 15.3651 3.61415 0.0634829
165 17.203 3.77027 0.0704286
166 19.3767 2.82882 0.0832862
167 19.1299 2.95148 0.072823
168 18.1138 3.6935 0.0611054
169 14.4501 1.20404 0.0725059
170 7.49913 -4.99981 0.104382
171 9.23044 -6.31789 0.125583
172 8.22004 -7.69501 0.120929
173 3.61681 -5.6663 0.0698127
174 -2.04185 -3.43201 0.0201519
175 2.45368 -4.68061 0.0460014
176 5.16468 -14.3505 0.133283
177 3.51457 -10.8322 0.100887
178 7.85228 -6.61543 0.10427
179 -2.446 -9.12192 0.0697203
180 2.92231 -15.5821 0.15941
181 3.94783 -20.9708 0.221084
182 6.87232 -2.55746 0.0795629
183 -0.653093 -4.96737 0.046671
184 -5.84548 -11.1196 0.0535283
185 -0.432528 -8.82564 0.0557994
186 -3.16785 -5.62968 0.0244436
187 -6.13937 4.83852 -0.0652638
188 -7.15017 4.73489 -0.0753347
189 -13.2707 6.48104 -0.127415
190 -18.5628 12.215 -0.198732
191 -18.9636 14.4223 -0.22766
192 -26.6814 14.6187 -0.281321
193 -27.3611 17.5774 -0.30361
194 -30.6603 12.3907 -0.280468
195 -29.7079 11.1895 -0.253701
196 -28.0283 12.3052 -0.243744
197 -23.7145 7.19927 -0.19112
198 -20.7632 7.03537 -0.173062
199 -18.2561 7.89489 -0.160056
200 -14.5816 7.34483 -0.139731
201 -15.1491 7.29515 -0.132371
202 -15.1678 3.01724 -0.114458
203 -14.7613 0.669663 -0.121288
204 -18.1715 6.47755 -0.184457
205 -16.3041 10.2704 -0.200372
206 -17.8883 10.2765 -0.204422
207 -19.3222 11.7781 -0.212801
208 -13.7195 7.73192 -0.152709
209 -7.6563 -0.0681143 -0.0696249
210 -0.257866 0.902042 -0.0628472
211 3.15128 3.17287 -0.0804219
212 0.603649 10.5375 -0.147361
213 -0.097871 11.428 -0.160069
214 5.72877 4.63992 -0.0916376
215 18.9989 -4.51656 0.0566881
216 19.6414 -22.6743 0.228122
217 24.259 -17.7011 0.23983
218 33.2988 -10.2176 0.225226
219 38.4946 -10.9165 0.280911
220 40.4036 -10.5846 0.293979
221 45.4451 -6.72591 0.300617
222 41.9818 -1.53846 0.268919
223 36.3447 5.28697 0.164602
224 30.4212 14.1594 0.0535694
225 25.0036 25.0642 -0.0558502
226 20.0505 30.4593 -0.12327
227 1.71518 34.5723 -0.259176
228 2.31599 38.7025 -0.279541
229 8.083 38.3067 -0.242813
230 7.40409 36.6266 -0.210105
231 3.26421 34.3491 -0.237114
232 4.8836 26.8293 -0.214524
233 3.61617 33.262 -0.26982
234 6.26954 36.6803 -0.268329
235 7.74095 35.3704 -0.275179
236 12.7565 25.4616 -0.179163
237 21.956 19.1286 -0.0763983
238 19.671 17.5796 -0.0647413
239 -2.12813 10.0288 -0.100369
240 -1.61014 13.706 -0.147504
241 -0.970235 17.3854 -0.194192
242 -8.20539 11.0696 -0.199428
243 -15.1217 -0.787415 -0.151007
244 -6.86192 -0.798078 -0.0933603
245 -0.59388 0.00189209 -0.050327
246 2.47645 -9.31801 0.0825891
247 -2.2675 -17.1617 0.136564
248 0.31268 -16.9739 0.153179
249 1.64979 -19.3408 0.177508
250 8.23702 -17.0612 0.213331
251 6.57965 -17.3414 0.205913
252 5.38901 -22.7654 0.247151
253 24.8428 -10.148 0.268028
254 20.5197 -10.8224 0.28372
255 8.91429 -22.8434 0.286076
256 6.12946 -19.3388 0.222074
257 5.44215 -18.1315 0.197178
258 2.4279 -14.3132 0.136666
259 1.157 -14.9858 0.130723
260 3.92447 -12.4528 0.116486
261 9.76578 -11.96 0.140661
262 10.0699 -18.3648 0.211781
263 9.84025 -15.9883 0.184738
264 12.2194 -7.88334 0.10379
265 12.2618 -10.7044 0.106763
266 15.6908 -14.5338 0.18635
267 18.7836 -13.9892 0.202174
268 32.3324 -9.45646 0.231818
269 20.4767 -9.37235 0.194281
270 23.0518 -4.96015 0.188899
271 18.4964 -0.124734 0.131417
272 15.8433 3.52423 0.0784699
273 10.504 13.7707 -0.0723837
274 9.94118 11.7752 -0.0457717
275 6.99274 12.3194 -0.0791962
276 0.561347 14.5699 -0.118813
277 -9.86668 15.783 -0.181632
278 -17.841 18.9595 -0.247771
279 -18.9561 19.7045 -0.243298
280 -13.6261 18.5829 -0.202906
281 -22.86 6.35183 -0.181243
282 -8.18304 16.9248 -0.184135
283 -3.59343 18.2499 -0.179262
284 -4.47038 24.44 -0.234538
285 -7.49856 20.5084 -0.204751
286 -8.6068 23.457 -0.23345
287 -16.8925 22.2768 -0.26626
288 -12.432 25.7213 -0.278156
289 -15.2819 22.0162 -0.24019
290 -18.4757 17.3563 -0.230537
291 -11.5826 18.8143 -0.197938
292 -14.8677 8.6033 -0.130601
293 -7.53336 4.01883 -0.0756969
294 -21.169 -2.66688 -0.0528108
295 8.13193 -2.96791 0.031111
296 4.51692 -7.8783 0.0812889
297 8.39349 -10.2104 0.116402
298 6.40598 -11.8071 0.101194
299 14.7896 -12.6649 0.133542
300 14.9257 -13.1726 0.135587
301 9.41437 -8.48797 0.0610094
302 9.9285 -4.51868 0.0285125
303 13.8085 0.903157 0.0121916
304 10.2629 -1.69609 0.0542391
305 14.4626 -0.60805 0.0763555
306 16.7724 3.56005 0.0621804
307 20.504 2.80304 0.0963041
308 22.8998 1.51514 0.134732
309 24.3509 1.41703 0.148633
310 25.6748 3.77744 0.141376
311 29.1598 4.18151 0.166519
312 21.3683 4.14745 0.16405
313 23.0443 4.34958 0.169388
314 20.4643 6.54855 0.142214
315 19.8641 7.1501 0.133218
316 19.2309 8.63312 0.109161
317 21.4029 7.75037 0.123561
318 15.5487 9.30066 0.00577015
319 10.2961 7.114 0.00934424
320 9.84121 13.6247 -0.0521632
321 7.15116 14.8885 -0.0584608
322 -1.08256 17.6814 -0.103505
323 -2.91588 19.0628 -0.129461
324 -4.48073 13.5816 -0.101069
325 -2.16992 11.2984 -0.118146
326 -15.3594 1.49555 -0.105569
327 -16.1681 -4.18352 -0.0370067
328 -21.0784 0.310889 -0.0887135
329 -29.5062 3.5647 -0.162634
330 -30.8309 9.51253 -0.218826
331 -25.383 0.323545 -0.160496
332 -22.7779 3.11434 -0.162026
333 -37.6347 -7.85999 -0.156056
334 -35.3695 -4.51829 -0.170501
335 -30.5275 -4.61574 -0.163536
336 -24.779 -1.70894 -0.17661
337 -21.5583 1.15113 -0.180353
338 -18.8067 4.28782 -0.187686
339 -12.8812 3.04968 -0.136448
340 -11.3816 4.22673 -0.112553
341 -6.23417 1.8811 -0.0510381
342 -1.32184 2.87262 -0.028425
343 -2.62194 0.0973633 0.00669048
344 -1.56014 4.47541 -0.00787815
345 -2.62222 5.19314 -0.0135088
346 16.5588 5.01983 0.0457161
347 21.7442 5.74919 0.0522623
348 24.2999 2.81568 0.0941129
349 23.2994 -2.9023 0.130073
350 17.1863 -9.11361 0.175542
351 16.6674 -10.5071 0.171684
352 19.6076 -7.16967 0.165888
353 15.7529 -2.97434 0.117032
354 16.2045 2.11824 0.0699297
355 16.3993 -0.623685 0.0844978
356 17.3834 0.236097 0.0824789
357 18.098 -0.336015 0.0907424
358 16.1316 2.99284 0.0440608
359 17.4196 2.4934 0.0599057
360 14.4105 1.0736 0.053425
361 12.7725 0.838045 0.056866
362 12.1404 0.488311 0.054989
363 9.46662 2.5 -0.00639462
364 8.96614 1.57616 -0.00890122
365 11.1872 0.755047 0.0114259
366 8.52475 -3.00373 0.0260314
367 8.9085 4.27391 -0.029064
368 4.6713 8.10136 -0.0958611
369 -0.0395521 3.8907 -0.0858537
370 -7.03988 6.76008 -0.13503
371 -8.33697 3.70216 -0.147257
372 -10.9698 -2.97333 -0.106553
373 -2.33342 4.84974 -0.126242
374 12.6237 -1.02785 -0.0226144
375 12.4307 0.611678 -0.0438394
376 6.42796 4.42636 -0.08336
377 4.0633 4.46806 -0.0888086
378 5.68659 2.36459 -0.0627812
379 5.44853 4.47716 -0.0702966
380 5.94565 2.42897 -0.0508196
381 7.69989 0.501826 -0.0274789
382 9.4773 -3.65853 0.0155937
383 15.1715 -8.12818 0.100352
384 18.6945 -8.94385 0.136786
385 21.3875 -9.86226 0.14439
386 24.9964 -14.2255 0.185058
387 26.4704 -19.2152 0.231169
388 20.3604 -20.5396 0.232898
389 21.1997 -18.4238 0.216833
390 20.3405 -13.4744 0.202239
391 15.9807 -11.9564 0.171747
392 11.9547 -9.21033 0.16944
393 10.8197 -7.84457 0.160319
394 9.57366 -6.43585 0.15022
395 10.0334 -4.8332 0.151948
396 0.94973 -4.36385 0.115458
397 2.34409 -7.55898 0.146611
398 -1.34964 -9.64018 0.116922
399 -0.955815 -10.979 0.0982542
400 0.965646 -11.3422 0.0956991
401 -2.24479 -9.87736 0.0739643
402 -4.84887 -7.69941 0.0758103
403 -9.67927 -4.61897 0.0473572
404 -9.42694 2.15448 -0.0172911
405 -8.46155 6.81378 -0.0552934
406 -8.29763 8.85531 -0.0853696
407 -16.2064 4.55535 -0.104427
408 -12.1529 5.25914 -0.104006
409 -11.2983 12.4037 -0.137522
410 -8.73111 11.5356 -0.116927
411 -8.59737 12.7114 -0.128149
412 -6.12648 14.9944 -0.13793
413 -4.4092 7.82135 -0.0866007
414 -2.29174 13.6169 -0.124355
415 -6.02242 15.2472 -0.149134
416 -14.7747 17.6302 -0.189838
417 -13.557 19.3665 -0.18937
418 -12.8423 17.9741 -0.175675
419 -17.7693 15.0621 -0.163926
420 -12.6558 12.8322 -0.118018
421 -7.43661 11.515 -0.07911
422 -1.10258 9.29702 -0.0405547
423 1.57133 0.0638691 0.0491258
424 -12.515 -3.42481 -0.0163358
425 -5.36375 -8.27189 0.0586783
426 -2.43989 -11.2978 0.094552
427 2.82412 -13.1775 0.124535
428 3.9068 -14.9814 0.130991
429 7.63402 -15.5827 0.163843
430 6.12411 -19.36 0.195619
431 4.95822 -18.6675 0.189167
432 7.9079 -14.4882 0.181382
433 8.76804 -13.9542 0.192965
434 7.66102 -15.12 0.229054
435 5.29065 -14.1355 0.215025
436 -1.69801 -10.4047 0.144587
437 2.14676 -11.6259 0.180773
438 -1.52888 -7.94998 0.111082
439 0.570533 -11.6666 0.152061
440 -2.08309 -11.2105 0.0753644
441 -1.22557 -14.1893 0.0920704
442 -3.02655 -12.0994 0.0482545
443 -8.45371 -10.313 0.0259399
444 -8.39444 -4.58732 0.00440873
445 -10.7369 -1.46466 -0.0314854
446 -10.3887 -3.04433 -0.0231517
447 -10.7624 0.739218 -0.0488778
448 -12.5106 2.34718 -0.0718002
449 -18.5445 7.65598 -0.150743
450 -19.672 12.6744 -0.222797
451 -22.1573 19.3507 -0.325509
452 -17.0308 16.2478 -0.265259
453 -14.9115 16.1435 -0.251629
454 -15.9336 11.3317 -0.220385
455 -14.9371 13.698 -0.230323
456 -11.5346 15.5961 -0.217539
457 -10.5665 16.4285 -0.218828
458 -6.50761 17.365 -0.19951
459 -6.32776 18.87 -0.221618
460 8.92444 16.1305 -0.151687
461 14.0501 16.1829 -0.133325
462 16.3591 17.3578 -0.126778
463 13.5757 23.8878 -0.190947
464 14.5588 24.8428 -0.18529
465 13.045 18.7895 -0.157492
466 15.4263 17.0836 -0.133624
467 12.5183 7.58221 -0.0372037
468 11.8664 -0.235026 0.074435
469 4.35029 -0.118519 0.0289602
470 4.35726 -9.11693 0.12288
471 4.17371 -13.2168 0.165714
472 4.91235 -17.3775 0.207126
473 6.65884 -13.0779 0.190382
474 7.33701 -13.0042 0.198426
475 5.49411 -14.8734 0.209523
476 6.41968 -14.074 0.204139
477 10.5623 -13.5973 0.222609
478 2.52745 -12.9778 0.179807
479 0.674766 -12.5012 0.176089
480 -3.59144 -16.4753 0.179547
481 -4.061 -19.3158 0.178605
482 -6.07519 -12.797 0.107471
483 -5.82385 -12.3691 0.0917547
484 -7.0604 -8.99168 0.0359343
485 -10.9421 -13.6004 0.0451302
486 -9.80986 -14.5214 0.0481518
487 -7.68407 -7.94275 0.00339989
488 -8.07382 -10.0677 0.0118919
489 -9.01943 -4.08719 -0.0397616
490 -14.4563 3.53687 -0.156203
491 -15.7595 9.94789 -0.21208
492 -15.8364 17.5455 -0.271373
493 -13.4586 21.2204 -0.287658
494 -5.77019 22.1754 -0.272093
495 -5.75731 24.9879 -0.2987
496 -4.77848 25.674 -0.297886
497 -9.11261 26.4234 -0.332477
498 -13.5357 17.6222 -0.243017
499 -12.6594 10.2169 -0.137423
500 0.614548 3.01243 -0.0340049
501 0.539601 -1.17612 0.0103809
502 -1.01275 -3.91343 0.0231387
503 -1.19579 -3.89699 0.0316987
504 -2.84298 -0.692372 0.0297305
505 -6.04692 -0.642306 0.0271433
506 -5.35849 -0.709662 0.0428311
507 -1.92293 -5.04669 0.103155
508 -1.46081 -2.82709 0.0861248
509 -0.405989 -2.71433 0.0834009
510 2.55171 -5.44543 0.10922
511 6.10069 -6.1407 0.142793
512 7.94835 -9.72025 0.191951
513 4.83135 -8.26653 0.177013
514 1.11823 -7.7149 0.142284
515 -2.03284 -3.9332 0.103517
516 -6.58192 -11.7363 0.138348
517 6.63299 -12.4133 0.226674
518 21.5641 -7.95528 0.197613
519 30.1106 0.0883942 0.144535
520 28.8532 -0.208266 0.122467
521 34.8308 -5.48486 0.199676
522 33.1662 -4.92777 0.176073
523 25.8169 -9.8209 0.151831
524 19.5315 -5.50401 0.0776469
525 5.85239 -6.86898 -0.033719
526 10.657 -7.21236 0.00908638
527 13.6808 -2.30627 -0.0134854
528 8.6516 -3.77479 0.0314883
529 7.07955 -1.35077 0.000158031
530 3.46586 2.04784 -0.0498697
531 -3.31132 5.5442 -0.101502
532 -3.04289 6.17237 -0.100813
533 -3.14641 5.49023 -0.0739349
534 -5.64431 8.69614 -0.107391
535 -5.65353 9.52087 -0.110708
536 -5.1942 9.4423 -0.113282
537 -3.44053 7.21555 -0.0877975
538 -1.78391 6.28736 -0.077036
539 -1.00545 4.93909 -0.074543
540 0.818461 4.14903 -0.0591289
541 3.12646 4.69259 -0.0524041
542 4.58495 7.11039 -0.0519642
543 6.21106 8.83035 -0.0482784
544 6.39544 9.60835 -0.0425676
545 8.23484 11.2771 -0.0413414
546 8.62993 12.4427 -0.0432889
547 9.80041 11.0908 -0.033633
548 9.72867 11.1315 -0.0317467
549 10.0589 9.66631 -0.00801008
550 11.2289 8.78422 0.00365394
551 7.54312 4.72319 0.0218727
552 3.126 -0.0109789 0.0355433
553 3.78047 -1.84072 0.0457626
554 1.92607 -5.66422 0.0732363
555 -0.00842379 -6.01695 0.0475138
556 2.5473 -6.57551 0.0663844
557 0.818926 -6.3134 0.0355344
558 1.68977 -3.11487 0.0188577
559 4.24773 -4.86404 0.041475
560 4.24418 -1.55413 0.0241688
561 6.20025 1.86824 0.00170473
562 -9.72964 -5.19274 -0.0260254
563 -6.49512 -8.48705 0.0300582
564 -9.73645 -15.1544 0.0531446
565 -10.0894 -18.7702 0.117853
566 -9.23659 -17.5359 0.127233
567 -10.9129 -11.1299 0.0496474
568 -7.2752 -9.33369 0.0551342
569 -4.35316 1.6811 -0.0072555
570 -3.2932 4.84537 -0.0328064
571 -0.21337 6.37833 -0.0355297
572 0.950112 6.81121 -0.0360333
573 2.76992 2.50036 0.00166631
574 5.1794 -0.654336 0.0300044
575 9.15499 2.96529 0.0119197
576 6.58447 5.22932 0.00128624
577 7.68618 4.51132 0.0221346
578 11.3555 4.93646 0.0366187
579 11.0962 1.84298 0.0578082
580 12.2249 -1.62823 0.0987322
581 11.4935 0.281935 0.0814772
582 8.44454 1.76514 0.0567761
583 6.42779 -0.274752 0.0692542
584 6.57641 -0.453653 0.075847
585 7.90571 3.14242 0.0635306
586 8.15994 -1.87762 0.0884265
587 4.16025 -5.47043 0.108739
588 4.8345 -5.65591 0.115934
589 2.4952 -3.40223 0.0642897
590 3.30805 -7.96058 0.0821918
591 1.70061 -8.5422 0.0440573
592 3.79759 -4.85667 0.0184999
593 2.77285 -0.225194 -0.0368047
594 1.23798 3.41845 -0.0812601
595 1.19219 4.76663 -0.0789632
596 -3.17476 6.30513 -0.111521
597 -0.314474 8.64195 -0.0890194
598 -2.13113 10.0941 -0.121289
599 -3.11619 13.1613 -0.167115
600 -3.60334 19.7237 -0.235808
601 -2.11772 22.5512 -0.242356
602 2.97247 24.5862 -0.252474
603 6.09074 19.1098 -0.206369
604 7.78726 15.4542 -0.175632
605 11.2136 6.73791 -0.105527
606 3.44258 10.8602 -0.16408
607 7.42107 9.82201 -0.129349
608 10.3094 2.20067 -0.0780833
609 7.40565 -5.85501 0.00346976
610 12.4598 -8.15347 0.0630456
611 9.66441 -4.97761 0.0562126
612 3.63647 -8.65667 0.055239
613 7.55979 -9.30928 0.0828753
614 6.10987 -18.0813 0.149348
615 4.6987 -29.2992 0.239725
616 5.38939 -33.412 0.270434
617 2.57538 -38.3174 0.304157
618 -1.51443 -36.9449 0.323602
619 1.54451 -34.4659 0.344509
620 7.64665 -31.7061 0.34538
621 10.454 -27.0214 0.32988
622 17.2991 -20.472 0.332527
623 22.7778 -23.1679 0.383895
624 20.5899 -20.6346 0.346398
625 15.3119 -21.0811 0.299876
626 10.1918 -23.9279 0.288378
627 3.22152 -17.9135 0.213504
628 -3.38501 -14.9013 0.15779
629 -12.9286 -7.61806 0.0572076
630 -20.7811 -2.72584 -0.00950471
631 -23.3554 9.23009 -0.117935
632 -27.1915 14.4487 -0.177729
633 -29.3657 17.8347 -0.220149
634 -27.1941 18.6751 -0.221566
635 -34.7464 33.5507 -0.3774
636 -38.7295 42.6278 -0.453031
637 -36.6551 43.0863 -0.456067
638 -33.9002 43.5474 -0.472587
639 -26.3554 39.9802 -0.416983
640 -19.2655 39.5934 -0.389435
641 -14.2952 38.1443 -0.36365
642 -11.0039 35.4996 -0.333752
643 -7.0236 34.0461 -0.317587
644 -4.17657 31.9214 -0.307098
645 -2.90007 31.7437 -0.313915
646 -2.09573 29.4042 -0.293493
647 -0.677209 26.1473 -0.260676
648 0.650132 20.2619 -0.210532
649 3.0278 12.3506 -0.128298
650 5.12876 9.68294 -0.0856061
651 7.37138 5.52871 -0.0278211
652 11.6014 0.619213 0.0562192
653 14.0205 -5.91507 0.146544
654 20.3486 -7.11885 0.192741
655 23.374 -10.9007 0.251555
656 25.6768 -14.0217 0.28836
657 26.5258 -11.4547 0.260231
658 25.6183 -9.00467 0.216768
659 22.821 -4.9466 0.181574
660 18.9211 -0.0683963 0.133267
661 16.1297 2.5539 0.106926
662 9.60117 4.09801 0.0734306
663 9.08006 4.81342 0.05969
664 7.44324 5.74712 0.0399271
665 7.3676 4.92891 0.0412293
666 7.42482 5.09466 0.0204376
667 8.20763 0.0130528 0.0678534
668 6.86487 -4.43533 0.0696972
669 5.26383 -2.39373 0.0365317
670 7.19982 -6.41164 0.0687424
671 3.16079 -1.94957 -0.0129213
672 0.466584 0.307099 -0.0498033
673 -1.44669 -0.95752 -0.042117
674 -0.351199 -0.560391 -0.0378406
675 -0.983654 1.41465 -0.0570422
676 -1.05225 2.3778 -0.076619
677 0.564572 -0.080007 -0.0588456
678 0.462373 11.5277 -0.180318
679 -3.04549 8.29743 -0.177912
680 -9.91287 4.33891 -0.165643
681 -8.01092 1.39795 -0.131464
682 -7.2117 1.95706 -0.11776
683 -6.91168 0.600789 -0.0684743
684 -5.70144 2.54649 -0.0783633
685 -9.06234 2.97414 -0.103043
686 -9.28816 5.51507 -0.134667
687 -9.98689 2.78773 -0.125834
688 -7.87227 -0.190174 -0.0939846
689 -6.2938 -8.4495 -0.00659467
690 -2.92871 -0.24035 -0.0664109
691 -0.95168 1.38872 -0.0748037
692 1.12369 -1.93811 -0.0164736
693 -4.22995 1.19483 -0.0799318
694 4.01412 4.18535 -0.0519388
695 3.76523 -1.5192 0.0126371
696 6.20966 -0.0213209 0.0287915
697 6.95506 6.00832 -0.0103966
698 4.54936 7.53844 -0.0203812
699 8.80761 -2.7716 0.0735911
700 14.8304 -3.34417 0.0854097
701 9.44119 -0.820296 0.0820342
702 -1.57366 -8.05774 0.0884769
703 4.59812 -12.9222 0.163559
704 7.6217 -9.61846 0.141861
705 4.76261 -8.00282 0.115961
706 5.51368 1.20067 0.0384657
707 8.46941 8.62616 0.00107656
708 9.64003 12.3013 -0.0135858
709 10.5581 11.211 0.00304886
710 10.5 10.2569 -0.00402006
711 12.7121 10.6176 0.00332552
712 9.16527 11.4223 -0.0236738
713 9.68581 11.8285 -0.0299847
714 6.71084 13.3785 -0.0640522
715 6.56333 15.5826 -0.0862431
716 4.06841 13.702 -0.0808418
717 -0.145481 11.3838 -0.0895076
718 3.05993 14.4509 -0.102225
719 -1.56729 8.38108 -0.0666061
720 -3.21994 10.246 -0.0892688
721 -7.99663 11.342 -0.140507
722 -9.77827 12.2483 -0.160244
723 -5.60018 12.2745 -0.128984
724 -5.0682 12.1088 -0.135127
725 -0.443712 5.89163 -0.0669891
726 -3.24702 0.618134 -0.048476
727 -0.24105 -3.79376 0.00951891
728 4.65263 -3.64982 0.0458787
729 1.31665 -3.30849 0.0169402
730 5.75208 -11.1921 0.111491
731 10.2558 -8.836 0.126784
732 13.7251 -8.14603 0.119099
733 15.6635 -8.39561 0.115934
734 16.7458 -7.16968 0.0975721
735 16.5292 -4.46662 0.0595399
736 13.0008 -10.2701 0.0914764
737 7.72626 -14.5333 0.159824
738 10.9478 -15.7732 0.194641
739 11.9484 -6.15313 0.107721
740 -0.772467 -4.82376 -0.0253334
741 2.36028 -4.81714 -0.0145789
742 -2.59851 -7.97361 0.0482625
743 -1.27405 -1.67755 0.0139123
744 6.89931 4.52029 0.0476178
745 5.59473 8.74809 -0.0176589
746 6.82249 9.39819 -0.0160179
747 2.31377 8.50147 -0.0528671
748 -0.233492 8.66247 -0.128704
749 -5.95396 9.40644 -0.151475
750 -1.91741 2.96682 -0.0465357
751 0.695233 1.64857 -0.0177064
752 2.4307 0.296043 0.0141574
753 4.0481 -0.546276 0.0174132
754 -0.509062 7.65287 -0.0925485
755 -10.1206 8.5973 -0.167808
756 -12.071 7.20914 -0.0941196
757 -9.32338 3.58705 -0.020819
758 -9.4881 7.36644 -0.0780516
759 -9.03564 4.4353 -0.0488258
760 -9.00614 -0.048066 -0.011091
761 -7.38047 -3.62 0.0310893
762 -6.46189 -3.49063 0.0233303
763 -4.27706 -5.02632 0.041855
764 -2.42004 -7.78341 0.0765486
765 -1.82561 -9.75366 0.0975928
766 -0.768074 -11.5946 0.129886
767 -0.456639 -6.93888 0.0872767
768 -0.59143 -0.298002 0.0345693
769 -0.0527482 1.5991 0.0128819
770 1.05254 -1.83638 0.0278866
771 -0.368104 -3.3077 0.0175587
772 -0.434698 -2.19153 -0.0351484
773 -2.91426 1.62431 -0.10493
774 -2.27651 8.76431 -0.157152
775 0.014576 11.4225 -0.149707
776 -2.80796 14.1683 -0.175335
777 -1.07966 15.9431 -0.161674
778 -3.60722 13.0166 -0.171294
779 -1.69504 14.3476 -0.170891
780 -0.251078 9.27106 -0.128349
781 -0.611597 6.08893 -0.104389
782 3.21804 3.36179 -0.05648
783 5.04864 -3.13322 0.0346143
784 5.54925 -7.74362 0.0623782
785 11.0606 -3.11178 0.0484534
786 8.54514 -5.80314 0.0473825
787 11.3505 2.10388 -0.00170938
788 9.64719 5.10255 -0.0250528
789 7.04062 7.9839 -0.0774997
790 10.6413 11.6081 -0.0985806
791 18.1357 11.2322 -0.0683949
792 20.8584 2.55188 0.0164468
793 26.7845 4.5041 0.0178658
794 20.0857 6.80769 -0.0165753
795 14.9315 1.59412 -0.000712766
796 6.46969 -8.7701 0.0901956
797 15.0487 -8.43641 0.124334
798 8.81973 -7.24388 0.115098
799 3.34861 -7.81725 0.134131
800 0.20789 -0.860101 0.0448252
801 -2.25777 2.37588 0.0108034
802 -3.80368 -0.202308 0.023816
803 -2.73521 -2.28036 0.0498919
804 -1.98257 0.0658437 0.0363807
805 -0.269947 2.95974 0.00359422
806 -2.47697 -1.51052 0.01888
807 -0.335826 2.77694 -0.0133995
808 3.65931 0.396508 0.0330235
809 6.12539 6.79042 0.00529787
810 9.4838 8.50127 0.00967093
811 8.25522 10.3233 -0.0125183
812 3.44157 10.5259 -0.0353742
813 2.86993 4.78048 0.00521341
814 6.01586 5.04714 0.00342417
815 4.34521 2.36675 0.00299263
816 2.92265 3.00125 -0.0254457
817 9.89473 3.49531 -0.00544812
818 9.1031 1.75026 -0.0191726
819 3.58726 2.98239 -0.0879007
820 3.75726 2.48757 -0.0822407
821 -14.3713 -1.59295 -0.0690724
822 -12.382 2.98778 -0.102196
823 -15.1845 12.2982 -0.201924
824 -13.1553 10.12 -0.172839
825 -16.6707 17.1948 -0.232575
826 -20.4274 16.1085 -0.241306
827 -18.8965 10.7137 -0.185519
828 -18.0765 6.619 -0.149402
829 -16.9918 6.285 -0.130672
830 -13.9058 5.71987 -0.108914
831 -14.7961 2.82324 -0.0983888
832 -14.522 1.35581 -0.0876943
833 -6.60452 1.011 -0.045573
834 3.27902 -0.869227 0.0241847
835 0.793873 -3.12006 0.0707466
836 -1.28149 -8.09964 0.121404
837 -0.632216 -10.305 0.152342
838 -0.719282 -9.55201 0.129218
839 4.65897 -9.22727 0.143668
840 4.97599 -8.51784 0.108438
841 6.95867 -11.0046 0.116226
842 9.78886 -10.0652 0.0994173
843 11.168 -6.85659 0.0590667
844 11.7623 -1.4757 0.00679838
845 12.8988 0.58138 -0.0219185
846 15.7654 1.16489 -0.0177344
847 17.6066 1.70774 -0.00364273
848 19.9339 0.221053 0.0172259
849 19.8709 -0.863316 0.0324924
850 20.1489 3.25317 0.0153741
851 14.0805 4.73935 -0.0180885
852 8.00593 4.87291 -0.0650015
853 4.51029 7.87048 -0.113743
854 8.17161 7.62804 -0.0935005
855 7.79295 7.40213 -0.0885425
856 9.47515 2.72766 -0.0220642
857 6.31436 -3.97573 0.0577633
858 4.59353 -5.08579 0.0878966
859 10.0697 -6.24487 0.126147
860 13.068 -5.79158 0.123466
861 15.4082 -4.15693 0.115218
862 20.9056 -10.362 0.181644
863 27.0308 -2.69873 0.145463
864 13.8381 0.679112 0.0978294
865 8.13557 -6.0079 0.182287
866 5.71788 -5.10688 0.164486
867 -0.0638829 -6.52976 0.15032
868 2.13579 -7.51067 0.171118
869 -1.78456 -5.6064 0.137763
870 -13.1087 -5.91367 0.0824459
871 -13.9518 -9.28184 0.0934923
872 -13.5151 -14.0656 0.132439
873 -12.1188 -10.4491 0.0975972
874 -18.0245 -9.79621 0.0595007
875 -14.9652 -9.19138 0.0737781
876 -12.4073 -6.6323 0.0441549
877 -10.1627 -2.68443 0.0202371
878 -10.3448 -1.08947 -0.0134105
879 -5.69909 0.389112 -0.0119167
880 -5.43553 2.44622 -0.0351403
881 -11.0833 7.06538 -0.108897
882 -9.86177 10.8603 -0.140808
883 -8.49465 12.6826 -0.146943
884 -2.87062 10.2298 -0.0958041
885 -4.31203 10.7383 -0.119313
886 -8.36681 15.1796 -0.179436
887 -7.50342 15.521 -0.166917
888 -4.86443 16.1908 -0.145134
889 -4.24529 13.7182 -0.119598
890 -3.27792 12.1561 -0.086448
891 -2.55349 6.85613 -0.0339727
892 -2.06912 1.31447 0.00888567
893 -0.130566 0.403675 0.0221618
894 3.38242 1.25647 0.0357062
895 4.63834 2.00021 0.0355001
896 6.54884 -1.21605 0.0782872
897 7.60803 0.431015 0.0694474
898 11.0697 1.05856 0.0885641
899 12.3472 -0.822234 0.122538
900 13.443 0.27122 0.116163
901 12.3164 2.73118 0.0776169
902 13.0596 3.16145 0.0755577
903 11.2864 -0.0158798 0.0784936
904 5.63271 -7.38945 0.0832103
905 4.06526 -3.14755 0.0273744
906 -3.34998 4.56235 -0.0899481
907 -7.17962 3.96305 -0.0947168
908 -12.2991 -7.41047 -0.0489995
909 -17.2441 -6.19167 -0.0864308
910 -17.7372 -2.06034 -0.124957
911 -16.3183 2.30543 -0.171492
912 -17.1447 6.57526 -0.215171
913 -15.019 8.865 -0.217181
914 -16.4593 12.2904 -0.26063
915 -14.4038 11.8148 -0.246285
916 -10.7042 7.01755 -0.169468
917 -6.74229 4.54025 -0.132869
918 -4.55354 2.89751 -0.116957
919 -1.04275 -1.54481 -0.0708955
920 -1.89693 -1.28799 -0.0457478
921 10.5191 1.54469 -0.00182216
922 4.80689 -1.21649 0.0188284
923 5.34182 -1.12717 0.023925
924 6.92307 -3.16543 0.0500574
925 4.52233 -9.96679 0.095831
926 5.17408 -7.58321 0.0828495
927 4.54972 -6.2408 0.0617524
928 4.85 -4.51623 0.0393171
929 3.85018 -5.35049 0.0311833
930 1.88852 -2.59604 0.00965134
931 0.667816 -1.94658 0.0118797
932 -4.10426 1.86188 -0.0494548
933 -8.27918 8.87023 -0.121971
934 -9.65344 12.1119 -0.142327
935 -11.6279 12.8377 -0.154702
936 -12.6771 12.8711 -0.147511
937 -13.984 10.1545 -0.124936
938 -15.2816 7.14366 -0.100119
939 -15.1295 13.1319 -0.167219
940 -8.75339 21.5596 -0.212691
941 -6.70873 21.326 -0.205614
942 -6.93983 6.41105 -0.0216324
943 9.2634 -7.652 0.125851
944 7.31432 -9.93192 0.169085
945 8.09281 -11.9072 0.181645
946 4.33422 -13.3275 0.160425
947 2.16627 -13.8859 0.127498
948 0.816561 -12.8002 0.0736683
949 -1.49887 -18.6005 0.096079
950 -3.1631 -16.3947 0.0647067
951 0.403973 -14.3524 0.0730356
952 -1.27914 -5.77689 -0.00765625
953 -5.42374 -7.0316 0.00340023
954 -0.163868 -14.1544 0.115579
955 5.03118 -19.8255 0.183382
956 4.26702 -18.2208 0.168609
957 9.66024 -18.3783 0.194687
958 17.4167 -7.82143 0.155699
959 17.3683 -7.51924 0.159144
960 26.7845 -3.47614 0.19998
961 30.142 -1.60994 0.212014
962 32.1097 0.276433 0.207031
963 38.5172 5.76417 0.199818
964 36.5599 13.0209 0.11702
965 31.5491 8.00134 0.112973
966 26.7491 3.78634 0.105227
967 21.6895 2.91546 0.0835357
968 18.3202 5.43302 0.0484739
969 12.3843 12.2286 -0.0452405
970 11.5378 14.9196 -0.0730969
971 5.89433 15.8219 -0.109299
972 6.80264 17.5845 -0.115387
973 7.7823 15.5737 -0.0708703
974 5.86385 13.9139 -0.0693397
975 3.64153 13.5094 -0.067179
976 0.752115 10.5439 -0.0450343
977 -1.41104 2.7898 0.0277429
978 -3.24306 4.62417 -0.00108227
979 -5.97877 4.72871 -0.0236961
980 -3.92462 5.67833 -0.0242904
981 -11.2434 0.0989556 -0.022611
982 -16.0506 -8.17518 0.0173243
983 -13.7301 -6.01556 -0.00116314
984 -12.2295 -6.31136 -0.00380982
985 -10.6842 -6.95373 -0.00568288
986 -8.93998 -3.02741 -0.0305009
987 -17.6316 -3.25947 -0.0987783
988 -14.1369 -2.95015 -0.0963798
989 -9.84696 1.10039 -0.109657
990 -6.37825 6.54751 -0.149172
991 -0.312718 7.81976 -0.130224
992 3.59097 14.0864 -0.164902
993 4.76602 18.9716 -0.193242
994 5.1933 24.9587 -0.22128
995 9.91143 25.8263 -0.189432
996 12.5699 21.7729 -0.148604
997 12.1768 14.6692 -0.106687
998 10.9299 11.298 -0.0712785
999 9.57247 11.2718 -0.0988736
1000 8.07648 6.58253 -0.0721925
1001 10.1725 1.87473 0.000639094
1002 12.0362 0.624585 0.033327
1003 11.3822 1.29906 0.0124168
1004 10.5411 -0.199316 0.0265231
1005 4.19632 -1.91354 0.0551605
1006 5.94685 1.07836 0.0413018
1007 4.41193 4.55773 0.0119174
1008 5.62789 7.57546 -0.000323232
1009 4.40641 8.97428 -0.00830904
1010 6.86862 9.23301 0.00726496
1011 11.1406 8.66864 0.0293346
1012 13.0468 9.24989 0.0356132
1013 12.0006 13.009 0.00623819
1014 11.242 16.2615 -0.0298033
1015 11.8852 19.8202 -0.0500818
1016 13.7923 12.1212 0.011693
1017 9.34483 9.73576 -0.00853412
1018 4.44503 5.28203 -0.0130574
1019 1.33006 1.3842 0.00377737
1020 0.949403 -3.39017 0.0379049
1021 0.290892 -3.96966 0.0341898
1022 2.20078 -8.35326 0.0637383
1023 2.00425 -7.30527 0.0338287
1024 6.07561 -6.98022 0.057007
1025 7.48978 -8.94133 0.0935556
1026 0.865642 -12.5572 0.0993895
1027 -3.37522 -11.2747 0.0479265
1028 -1.83876 -12.4348 0.0462154
1029 -3.44645 -9.17217 -0.0074721
1030 2.71332 -9.02461 0.0161424
1031 5.71126 -2.58136 -0.033863
1032 6.71913 1.02028 -0.04779
1033 8.67224 1.90217 -0.0356066
1034 13.3864 0.835003 0.00608259
1035 11.7928 1.26642 -0.0453421
1036 15.7496 -2.39595 -0.000274611
1037 19.2524 5.21213 -0.058406
1038 9.45308 -5.8319 0.0737826
1039 12.2845 -3.99382 0.0866232
1040 6.21273 -13.0162 0.145494
1041 7.19981 -12.76 0.151275
1042 11.9002 -6.99763 0.13726
1043 -3.78258 -4.01948 0.0308662
1044 -9.62826 2.71556 -0.0430321
1045 -9.57349 5.95484 -0.0520743
1046 -8.95007 5.73809 -0.0495465
1047 -8.23091 7.68152 -0.0662206
1048 -4.98972 11.6323 -0.0924511
1049 -4.01876 13.2513 -0.106291
1050 -3.21959 6.46314 -0.0296861
1051 -1.59666 4.74975 -0.0142325
1052 -2.12651 3.16203 -0.0146764
1053 -13.0005 2.13621 -0.0356732
1054 -17.0827 2.05977 -0.0571526
1055 -15.9649 2.77036 -0.0577263
1056 -11.4991 3.67809 -0.033738
1057 -9.51119 3.43938 -0.0346011
1058 -6.79344 5.96511 -0.0411952
1059 -2.9973 11.7828 -0.0615557
1060 1.20414 10.6776 -0.0456501
1061 2.53719 14.8029 -0.0825507
1062 1.78566 23.1231 -0.151888
1063 1.00371 27.3199 -0.179401
1064 -0.855053 27.3156 -0.17936
1065 -4.27773 25.6677 -0.179501
1066 -3.39447 24.5892 -0.16331
1067 -2.62717 20.8503 -0.133022
1068 -2.64549 14.4273 -0.0817443
1069 -2.24239 10.7196 -0.0815514
1070 0.65437 0.723597 -0.00148758
1071 3.57542 -5.38006 0.0643739
1072 8.45463 -11.8797 0.146518
1073 10.179 -13.0279 0.168364
1074 12.1338 -14.0295 0.181993
1075 19.0292 -13.9522 0.197732
1076 19.1145 -10.439 0.185039
1077 18.2779 -4.08261 0.127415
1078 12.8819 -1.06865 0.0919162
1079 9.35732 -0.970852 0.0834077
1080 6.66333 -2.81487 0.0829854
1081 6.57584 -3.00762 0.0800927
1082 5.45761 -2.61403 0.0703182
1083 4.81141 -2.45356 0.0520805
1084 1.65107 -3.83461 0.0336811
1085 1.38479 -2.49016 -0.0020532
1086 0.777045 -11.3795 0.0869955
1087 2.91433 -10.3655 0.102351
1088 2.282 -9.89148 0.0814583
1089 -1.7071 -9.26524 0.0556285
1090 -0.97775 -6.39436 0.0328697
1091 -1.2237 -0.397129 -0.0593935
1092 -7.85408 -2.50123 -0.0773914
1093 -5.05704 -4.69408 -0.0309507
1094 0.858388 -3.64468 -0.000655034
1095 -5.87494 9.65928 -0.16058
1096 -8.11192 9.53098 -0.180917
1097 -5.88237 8.68363 -0.17329
1098 -4.32963 12.4886 -0.213073
1099 -0.12267 15.1891 -0.177071
1100 4.06664 16.194 -0.153999
1101 7.08012 18.5838 -0.173685
1102 11.1209 18.1697 -0.138088
1103 12.9684 22.3258 -0.173454
1104 14.7734 21.2683 -0.168084
1105 18.8602 16.718 -0.108576
1106 19.2669 13.4779 -0.071647
1107 23.4305 10.0254 -0.0200755
1108 26.8896 9.36231 -0.0172508
1109 29.5542 6.03106 0.0228369
1110 34.5017 6.1935 0.0786592
1111 36.1605 7.20083 0.120877
1112 33.9429 10.4139 0.0916779
1113 30.7184 14.1965 0.0428959
1114 18.2585 7.13206 -0.000784627
1115 12.5858 4.62918 0.0171043
1116 4.14876 9.40872 -0.0860215
1117 -4.06392 5.99039 -0.12314
1118 -9.98512 2.10883 -0.118789
1119 -5.63211 11.6629 -0.17457
1120 4.28036 5.48426 -0.0832384
1121 14.1395 -0.624804 0.00643924
1122 4.54235 -1.48279 -0.0352531
1123 2.71912 -9.71551 0.056235
1124 2.19807 -15.5196 0.112117
1125 0.216978 -14.5398 0.0577611
1126 -6.27952 -5.21275 -0.093712
1127 -7.97402 4.77695 -0.16528
1128 0.0869559 1.83347 -0.0663668
1129 5.56488 -3.18991 0.0428804
1130 8.31737 3.44761 0.00862217
1131 10.0655 0.39213 0.0637364
1132 5.48052 -2.53773 0.0509141
1133 2.84205 -8.26666 0.152217
1134 4.12348 -19.0849 0.258155
1135 -2.45865 -26.1358 0.274379
1136 -10.813 -25.1275 0.184496
1137 -8.82791 -23.3632 0.141122
1138 -9.98634 -21.0628 0.118111
1139 -10.0419 -16.4038 0.122711
1140 -9.92861 -13.4428 0.104526
1141 -6.12348 -12.1129 0.115643
1142 -2.46417 -12.177 0.124296
1143 -0.833248 -13.917 0.144294
1144 -0.491157 -10.6651 0.10292
1145 -1.93329 -10.6831 0.0835883
1146 -3.69905 -10.4382 0.104542
1147 -4.64059 -7.75096 0.0724469
1148 -7.0728 -5.27945 0.0491935
1149 -3.97538 -3.09846 0.0625662
1150 -1.63961 0.481147 0.0668205
1151 -1.90766 1.44895 0.0764794
1152 1.0905 2.25663 0.0881487
1153 3.21304 3.14682 0.0885338
1154 4.27934 3.53708 0.0781083
1155 2.45005 2.82363 0.0425511
1156 2.39044 -4.00043 0.0677645
1157 -0.961991 -7.98442 0.0905717
1158 -1.23768 -1.84267 0.0310705
1159 -2.47305 0.277143 0.00746594
1160 -2.92222 2.6794 -0.0138897
1161 -8.3064 5.11737 -0.0941373
1162 -15.427 11.1487 -0.223521
1163 -7.28387 17.5774 -0.328822
1164 -22.3331 8.90583 -0.348547
1165 -17.3012 11.2392 -0.345909
1166 -7.53028 16.9753 -0.305802
1167 -6.93882 7.85178 -0.149688
1168 -8.26967 5.39328 -0.0991976
1169 -10.0658 8.65285 -0.102034
1170 -8.37916 13.3305 -0.120113
1171 -7.28256 12.174 -0.0943047
1172 -3.37845 16.284 -0.100774
1173 -0.372922 13.9881 -0.0408913
1174 -6.15726 12.2087 0.0321217
1175 -2.36836 13.9363 0.046968
1176 -1.45088 13.2993 0.0668365
1177 1.432 16.1502 0.0446313
1178 4.90694 15.6101 0.0577541
1179 6.19898 11.0072 0.0563365
1180 9.12406 7.32013 0.0752127
1181 13.0936 7.42328 0.0515153
1182 15.3326 12.6047 0.00515991
1183 12.2712 10.0154 0.00788442
1184 7.59786 4.36014 0.0190263
1185 2.85664 -2.36793 0.0327048
1186 -3.3964 -4.61803 0.00689062
1187 -3.75206 -3.4356 0.0256372
1188 -4.74152 1.96725 -0.0211028
1189 -4.11966 3.51982 -0.0370675
1190 -0.526301 7.43967 -0.0762593
1191 -0.984046 16.7516 -0.214701
1192 -5.75928 14.0978 -0.223775
1193 -3.84444 13.3924 -0.215948
1194 -4.7094 12.4058 -0.224176
1195 -2.26877 12.0741 -0.221029
1196 -3.57161 12.3816 -0.245007
1197 -0.253093 7.71435 -0.184774
1198 -3.08428 3.65534 -0.145635
1199 -2.79465 1.13322 -0.114692
1200 -1.76743 -1.897 -0.0858763
1201 -2.9927 -9.2007 -0.000969732
1202 -1.52922 -13.3953 0.0364769
1203 4.23826 -11.9222 0.0389526
1204 2.30339 -22.1035 0.0973425
1205 5.52297 -14.3454 0.0514627
1206 12.0429 -5.85479 0.0566079
1207 7.66039 2.99313 -0.0604627
1208 11.0701 8.30326 -0.0557382
1209 15.1609 9.81916 -0.057351
1210 15.149 15.7685 -0.117456
1211 12.4175 15.9809 -0.158573
1212 14.203 8.91549 -0.0620491
1213 15.303 4.31259 0.0286416
1214 13.211 -2.81508 0.0978753
1215 12.2602 -13.0476 0.233289
1216 12.6594 -14.9635 0.251345
1217 13.6486 -15.3851 0.237663
1218 12.7109 -12.6543 0.210687
1219 11.513 -0.34113 0.115761
1220 11.1576 5.6673 0.0745803
1221 6.73324 9.01947 0.0283189
1222 7.09168 12.1158 0.0126558
1223 9.65843 12.0213 0.0354671
1224 11.6055 10.521 0.0484279
1225 8.92787 10.8588 0.0192353
1226 6.51723 17.5457 -0.0542089
1227 2.85578 23.012 -0.136209
1228 6.63609 28.6112 -0.161217
1229 1.11767 20.0608 -0.0977304
1230 -1.01057 15.7197 -0.0866737
1231 -1.77027 7.54826 -0.0313887
1232 -5.94985 4.68529 -0.0355805
1233 -4.58072 1.79304 0.000493914
1234 -1.67397 -3.72248 0.077731
1235 0.292996 -5.83302 0.123336
1236 6.19425 -10.41 0.196716
1237 3.14718 -14.0066 0.22783
1238 2.43198 -12.3766 0.191201
1239 -6.56897 -12.8196 0.127627
1240 -3.80016 -11.841 0.127798
1241 -5.11421 -14.465 0.146996
1242 -6.82457 -13.0612 0.131376
1243 -3.6161 -8.7991 0.113817
1244 -1.86308 -5.97539 0.118834
1245 -0.446387 -9.83098 0.14076
1246 -1.45091 -4.92729 0.0838447
1247 -2.4891 -2.0972 -0.00179466
1248 -2.10138 0.610779 -0.0402737
1249 -5.32119 1.05276 -0.0872397
1250 -6.53932 3.43625 -0.125028
1251 -10.3739 6.42143 -0.191962
1252 -14.1151 8.31247 -0.257308
1253 -16.1422 4.07939 -0.232394
1254 -14.5238 -2.59262 -0.154225
1255 -14.9043 -9.11112 -0.0987474
1256 -8.80062 -19.2312 0.00368326
1257 0.48749 -7.74707 -0.0109499
1258 1.72812 -0.318246 -0.0967121
1259 -3.35807 9.77574 -0.234528
1260 -2.90063 2.20482 -0.115281
1261 -1.86386 -0.409811 -0.0763615
1262 -1.18872 2.64945 -0.100482
1263 0.648421 2.39065 -0.0857521
1264 2.75337 12.9714 -0.128693
1265 5.94018 12.6494 -0.107841
1266 8.61047 9.56474 -0.0631978
1267 13.9812 10.8842 -0.0392503
1268 15.7794 13.6547 -0.0840843
1269 24.0144 18.5475 -0.100616
1270 16.3962 14.8679 -0.0872887
1271 9.9745 5.84777 -0.00248222
1272 11.3285 4.63614 0.000178524
1273 17.3882 6.70481 0.0451566
1274 22.4359 -1.0958 0.165607
1275 11.3461 -16.6138 0.274445
1276 8.0268 -24.0541 0.412551
1277 10.123 -23.0575 0.398355
1278 11.6281 -16.5875 0.342115
1279 11.0179 -15.0435 0.26819
1280 12.9309 -22.6343 0.296977
1281 13.79 -27.4393 0.325631
1282 9.69717 -21.8506 0.255059
1283 9.37689 -12.994 0.187132
1284 8.10344 -9.48933 0.159364
1285 8.74866 -8.03736 0.135157
1286 12.2233 -9.07624 0.136381
1287 14.4608 -9.19606 0.0804799
1288 13.8017 -10.1013 0.0691928
1289 17.1455 -9.56862 0.0637608
1290 19.981 -8.24427 0.093317
1291 17.3741 -2.21851 0.0500916
1292 19.5231 -3.11031 0.0641651
1293 14.1462 -4.62576 0.050317
1294 8.1276 -0.0878304 0.0072069
1295 10.2127 0.212455 0.0160995
1296 11.3879 5.43051 -0.0405013
1297 22.3249 10.9437 -0.0174094
1298 20.966 13.8411 -0.0498233
1299 22.3597 17.1299 -0.0801256
1300 18.4891 12.3893 -0.0734247
1301 3.42164 28.051 -0.290823
1302 0.223402 28.86 -0.336491
1303 0.611451 31.8454 -0.334513
1304 -0.0638467 28.257 -0.271738
1305 -10.9337 21.323 -0.219001
1306 -10.9818 13.3299 -0.14328
1307 -7.0333 16.0644 -0.145621
1308 -10.7786 10.8167 -0.135335
1309 -13.5286 13.3706 -0.186361
1310 -15.6702 11.3825 -0.197944
1311 -19.9255 12.7389 -0.246028
1312 -20.3103 13.404 -0.252169
1313 -19.5249 12.3616 -0.219364
1314 -19.378 12.4809 -0.206862
1315 -6.5932 19.9894 -0.214898
1316 -5.59981 14.6734 -0.185884
1317 -4.45662 11.9399 -0.180375
1318 -5.22022 8.26927 -0.164913
1319 -0.114604 10.9112 -0.164576
1320 4.63557 10.0552 -0.138065
1321 1.87628 0.123036 -0.0806971
1322 4.71173 0.926252 -0.0778156
1323 -1.5953 3.17471 -0.0990654
1324 0.649915 6.48705 -0.106034
1325 4.01305 13.4473 -0.141224
1326 1.75236 16.8185 -0.170143
1327 -7.61809 14.9024 -0.117975
1328 -3.77895 12.0227 -0.0789665
1329 -0.670921 1.26453 0.0256425
1330 -0.0138917 -7.86814 0.125358
1331 1.41592 -9.50977 0.127996
1332 2.47591 -7.71017 0.108449
1333 6.40769 -8.72241 0.136164
1334 8.89834 0.264152 0.0847958
1335 5.49803 -0.901277 0.081831
1336 7.04183 -4.89873 0.126133
1337 -3.22676 -2.23715 0.079115
1338 -6.24653 6.15748 0.0278257
1339 0.370145 5.63981 0.0794811
1340 -2.53696 2.39507 0.119587
1341 0.852307 9.61792 0.0735642
1342 -5.73466 10.9739 0.00747184
1343 -9.9622 10.9698 -0.0409814
1344 -8.96988 12.2979 -0.0557892
1345 -11.5235 7.08541 -0.0266247
1346 -6.92764 2.81556 0.0152233
1347 -4.04955 -0.765828 0.0398271
1348 -4.194 -10.269 0.10687
1349 -4.64315 -10.0423 0.0957095
1350 -1.70298 -9.26151 0.106627
1351 -2.34701 -7.35187 0.0649614
1352 -2.54707 -4.85017 0.0306866
1353 -2.28911 -9.86446 0.0852318
1354 2.15249 -8.94471 0.0960844
1355 6.34066 -7.70512 0.0950625
1356 9.45894 -14.0722 0.143982
1357 6.36567 -18.8686 0.158394
1358 5.50817 -17.3492 0.132462
1359 4.88225 -20.5612 0.158432
1360 8.05546 -16.253 0.157094
1361 6.44768 -15.9349 0.145383
1362 13.3593 -15.7064 0.187251
1363 3.99765 -10.2603 0.0890723
1364 5.44403 -2.38411 0.0429505
1365 0.47929 7.57093 -0.0981601
1366 10.9048 14.821 -0.102414
1367 20.1481 16.6243 -0.0623301
1368 22.492 18.7214 -0.0718893
1369 14.3218 16.7101 -0.115106
1370 17.4922 21.1681 -0.160791
1371 13.6478 22.1292 -0.187747
1372 16.2825 19.5051 -0.145377
1373 15.6451 15.7097 -0.106021
1374 11.464 16.6675 -0.138668
1375 9.00189 8.36606 -0.0343554
1376 6.92255 1.42288 0.0607109
1377 9.03157 0.673828 0.0678812
1378 13.5467 -6.37088 0.125088
1379 19.902 -14.6573 0.212495
1380 17.0711 -12.99 0.174059
1381 21.4427 -11.483 0.208823
1382 24.0586 -7.18361 0.213621
1383 25.903 -2.52856 0.188369
1384 25.4003 -0.249251 0.176353
1385 19.3014 1.89156 0.0878163
1386 15.6074 -0.253869 0.0718751
1387 6.96408 -2.19352 0.00952908
1388 1.58206 -4.30549 0.0159203
1389 -7.16409 6.38772 -0.0868014
1390 -6.98149 9.25026 -0.117615
1391 -9.68942 9.83422 -0.143121
1392 -11.1314 8.66827 -0.144845
1393 -8.94447 7.01421 -0.141061
1394 -9.57649 12.7102 -0.202135
1395 -0.451836 19.4226 -0.226859
1396 4.44687 15.9042 -0.183357
1397 -7.27525 18.088 -0.225506
1398 -8.14675 17.9298 -0.225068
1399 -15.9187 9.78203 -0.161153
1400 -10.3997 9.94123 -0.146872
1401 -8.73826 6.66199 -0.111717
1402 -7.92253 6.93503 -0.121921
1403 -5.87886 4.81699 -0.092045
1404 -4.63915 8.71019 -0.125612
1405 -2.50497 12.8355 -0.154012
1406 -5.86529 11.6249 -0.168584
1407 -8.70987 12.017 -0.192933
1408 -15.3603 12.041 -0.218262
1409 -12.9301 16.0476 -0.251462
1410 -19.8924 13.7986 -0.235422
1411 -10.608 17.5607 -0.233667
1412 -4.79981 17.4367 -0.218785
1413 -4.26726 13.4802 -0.190755
1414 -5.58152 10.3301 -0.175518
1415 -0.989441 13.5679 -0.169831
1416 0.10678 16.544 -0.185712
1417 2.97898 5.62228 -0.0669618
1418 4.06772 8.56326 -0.0758354
1419 7.3024 7.50154 -0.0351924
1420 9.89409 7.56862 -0.00120783
1421 14.0512 5.6964 0.0380063
1422 15.2772 4.27946 0.0419774
1423 12.6457 -1.60048 0.0990586
1424 17.5806 -12.246 0.205665
1425 10.3825 -17.5588 0.258634
1426 11.1055 -16.2069 0.255149
1427 10.9353 -14.4215 0.26319
1428 6.14482 -7.41381 0.16452
1429 7.97543 0.0925459 0.1095
1430 -0.775528 1.15273 0.103126
1431 1.08261 -8.15326 0.1959
1432 5.98336 -20.4756 0.305767
1433 0.0389601 -23.8005 0.354053
1434 6.54323 -21.543 0.381992
1435 8.08564 -21.127 0.395813
1436 6.41521 -14.2386 0.325365
1437 6.41092 -9.95273 0.268534
1438 12.131 -9.10841 0.304627
1439 8.64525 -11.0844 0.275479
1440 7.8726 -11.2245 0.203697
1441 -9.98297 -13.6917 0.115047
1442 -11.7558 -8.65619 0.0493482
1443 -15.8113 -12.2886 0.0506751
1444 -18.3667 -11.9858 -0.0157241
1445 -15.9015 -10.2272 -0.0148044
1446 -9.69683 -14.0402 0.00129241
1447 -5.9157 -11.935 -0.0395536
1448 -2.7937 -2.87432 -0.105175
1449 -5.49087 -4.62606 -0.113218
1450 -6.28438 0.60496 -0.164326
1451 -7.4999 -3.30611 -0.150384
1452 -7.59822 -1.44516 -0.180787
1453 -5.48359 1.47664 -0.207193
1454 -7.43854 0.163494 -0.196342
1455 -6.20441 -2.45386 -0.155656
1456 -7.32446 -4.96458 -0.121884
1457 -4.92056 -1.34607 -0.131873
1458 -6.91252 -2.77368 -0.128199
1459 -4.99218 -3.54466 -0.108666
1460 -9.85334 -0.654064 -0.147874
1461 -12.7153 1.5167 -0.148692
1462 -0.34232 1.32997 -0.126946
1463 -8.19337 0.245474 -0.154037
1464 -8.28046 3.05365 -0.15115
1465 -7.82453 3.01414 -0.111774
1466 -6.21736 -4.51327 0.00799669
1467 -1.03709 -10.264 0.1396
1468 4.39258 -4.95073 0.146801
1469 5.5754 -4.112 0.162499
1470 -0.861906 -8.22253 0.196622
1471 -4.4488 -2.20328 0.129372
1472 -3.5704 0.330433 0.097431
1473 -7.47863 -0.937711 0.065055
1474 -11.5197 -2.13475 0.0457623
1475 -13.3566 1.17481 0.016863
1476 -12.519 0.614113 0.0237585
1477 -14.229 2.46536 0.0120344
1478 -18.6709 4.88401 -0.0294869
1479 -20.6945 7.69871 -0.054484
1480 -11.4867 10.8318 -0.0385704
1481 -13.8649 12.4474 -0.0594645
1482 -22.165 7.4278 -0.0528689
1483 -24.6279 11.1077 -0.116478
1484 -26.1967 9.42334 -0.121569
1485 -24.8034 9.5959 -0.125277
1486 -28.9901 11.5882 -0.177218
1487 -29.7046 12.1163 -0.209879
1488 -31.6366 8.09289 -0.199111
1489 -30.2517 -2.62323 -0.0879235
1490 -27.9224 -3.18761 -0.067427
1491 -30.0154 -8.0871 -0.0345104
1492 -28.6234 -7.17329 -0.0411369
1493 -22.3098 0.057084 -0.0547965
1494 -18.5506 4.4586 -0.0931882
1495 -9.66619 8.08199 -0.114989
1496 -5.08324 10.309 -0.130135
1497 2.4846 6.09899 -0.066802
1498 17.7396 3.45357 0.0164676
1499 25.6543 5.45477 0.0419282
1500 29.6768 -1.90802 0.128647
1501 34.0688 0.513122 0.124973
1502 39.8629 -2.73121 0.167766
1503 42.1183 -9.34747 0.23081
1504 40.4829 -11.1695 0.225945
1505 43.3621 -12.2567 0.259769
1506 47.0736 -13.4774 0.29842
1507 53.7369 -16.6905 0.359243
1508 43.0776 -14.8606 0.272082
1509 43.6129 -12.7987 0.25889
1510 43.0194 -12.0761 0.266034
1511 37.3436 -13.2827 0.269247
1512 30.0879 -12.6838 0.212174
1513 38.3884 -12.9986 0.220536
1514 26.3181 -4.59969 0.0261584
1515 30.8357 -2.17969 0.0328907
1516 29.0255 -0.815977 0.0327254
1517 27.4107 -6.49141 0.0847834
1518 26.8301 -6.14285 0.0610413
1519 20.4381 -0.0931929 -0.0175116
1520 19.1562 0.54144 -0.00717141
1521 20.5415 -7.60231 0.0707119
1522 17.9329 -8.16577 0.0655063
1523 20.6201 -10.0492 0.123283
1524 11.7351 -8.26508 0.0575891
1525 1.73283 2.51167 -0.0614053
1526 6.66361 4.97352 -0.0393015
1527 4.11465 5.31844 -0.0345661
1528 0.714402 6.94501 -0.0613275
1529 1.60686 5.5579 -0.0524594
1530 -9.16183 5.13494 -0.083979
1531 -8.62528 5.83355 -0.105939
1532 -9.38677 5.39337 -0.124224
1533 -4.54259 8.90821 -0.128246
1534 0.543513 12.2455 -0.129587
1535 -8.05312 4.89358 -0.0159821
1536 -12.7778 5.23127 -0.0303171
1537 -19.488 1.69327 0.0126103
1538 -22.6455 2.17947 0.00018176
1539 -19.6448 -2.26768 0.0458675
1540 -20.9798 -2.53228 0.0167135
1541 -15.9278 -6.05412 0.0585142
1542 -18.928 -6.04246 0.012196
1543 -15.0381 2.98472 -0.0371769
1544 -11.7078 7.35339 -0.0567535
1545 -15.6333 6.4375 -0.0949138
1546 -15.4949 7.10921 -0.114028
1547 -10.7602 6.00638 -0.0923968
1548 -6.90752 6.39867 -0.0802007
1549 -6.69128 11.9805 -0.139155
1550 -4.98544 17.5528 -0.198961
1551 0.2577 22.2986 -0.208088
1552 -2.689 29.5294 -0.282605
1553 -1.75602 30.8965 -0.29382
1554 0.38555 31.3014 -0.303995
1555 -0.254348 25.9888 -0.266192
1556 9.99964 20.78 -0.173443
1557 11.5407 14.4389 -0.118872
1558 13.2698 13.2565 -0.103754
1559 14.7276 10.2542 -0.090442
1560 14.736 5.02563 -0.0460725
1561 20.853 -2.97779 0.063003
1562 27.7431 -4.83015 0.124675
1563 29.1476 -3.20253 0.116732
1564 27.2496 -1.66653 0.0928399
1565 11.9158 7.71813 -0.0761094
1566 11.1896 2.39914 -0.04612
1567 -0.146107 11.003 -0.145195
1568 -0.712358 4.54718 -0.0342401
1569 0.405992 2.62252 0.0052958
1570 1.68007 0.580078 0.0461734
1571 0.202004 -4.81811 0.0543218
1572 -12.5899 -3.41191 0.00322461
1573 -18.7921 -1.78599 -0.0605668
1574 -19.8315 -5.07544 -0.028823
1575 -15.1684 -10.0914 0.0691953
1576 -11.2454 -16.9847 0.169383
1577 -11.2861 -21.7303 0.219207
1578 -7.23862 -20.1866 0.217808
1579 -5.97674 -22.3924 0.243914
1580 -3.76924 -20.0794 0.237151
1581 -2.9192 -16.9469 0.199974
1582 0.309354 -20.221 0.238753
1583 -0.575235 -19.4567 0.214685
1584 -0.392279 -16.2558 0.183655
1585 -0.84432 -9.51809 0.143485
1586 -6.50267 -7.34445 0.106773
1587 -1.34051 -11.471 0.153229
1588 -6.34909 -10.3155 0.0820136
1589 -6.44243 -6.16944 0.0620483
1590 -10.3636 -1.0597 -0.00192543
1591 -7.63625 2.15955 0.00830906
1592 -4.5142 2.88483 0.0158231
1593 -8.44027 6.62684 -0.0345273
1594 -9.96676 6.63507 -0.0209951
1595 -9.83722 3.62086 0.00541659
1596 -9.32973 6.39445 -0.034637
1597 -7.21555 1.56995 0.00183263
1598 -12.6928 9.71161 -0.107427
1599 -13.8501 15.7031 -0.185545
1600 -8.21737 17.7952 -0.191568
1601 -20.4366 25.1974 -0.310775
1602 -16.0431 31.0883 -0.312679
1603 -5.85399 26.7217 -0.279093
1604 -5.43732 22.2357 -0.240605
1605 -6.35095 20.6686 -0.267408
1606 -10.4447 16.9933 -0.267022
1607 -2.05799 21.6866 -0.296158
1608 3.70015 13.5462 -0.200243
1609 6.47968 9.29138 -0.14633
1610 11.8778 13.3255 -0.140679
1611 14.9761 16.1383 -0.133697
1612 16.7397 7.25468 -0.0575399
1613 17.0511 5.02361 -0.0427358
1614 18.6428 -4.6087 0.0373819
1615 19.6653 -8.51627 0.0658574
1616 19.3473 -4.59009 0.0404429
1617 23.315 -9.69782 0.0936635
1618 27.5811 -16.2651 0.182029
1619 32.1794 -16.7787 0.208196
1620 29.8623 -14.0651 0.181206
1621 21.6654 -11.6684 0.16807
1622 20.5506 -11.7908 0.142016
1623 20.2 -11.3644 0.131475
1624 23.4261 -12.514 0.167244
1625 19.6387 -13.1239 0.173695
1626 19.4381 -11.1666 0.164431
1627 16.2808 -11.8969 0.168302
1628 9.86752 -14.6084 0.202762
1629 9.70412 -13.5935 0.200993
1630 11.4148 -13.7735 0.21378
1631 9.77479 -12.8743 0.206878
1632 8.20169 -10.4851 0.173446
1633 4.27805 -3.64761 0.0977589
1634 3.70431 -2.59317 0.0974783
1635 4.2005 -2.30355 0.104044
1636 8.48939 1.87793 0.0756869
1637 -4.68623 3.41021 0.0233795
1638 -9.96522 2.03922 -0.0226991
1639 -8.54151 0.0418549 -0.0297298
1640 -12.7634 -7.23558 8.05769e-05
1641 -8.13787 -7.49298 0.0190233
1642 -8.04848 -3.7706 -0.00878656
1643 -6.57954 0.136646 -0.0194937
1644 -8.32613 -0.500999 -0.0113087
1645 -13.9014 1.0638 -0.0387248
1646 -19.52 2.68865 -0.0667816
1647 -14.9427 4.25938 -0.0730063
1648 -14.9973 5.69912 -0.120388
1649 -11.6889 4.84705 -0.10736
1650 -6.31842 4.09856 -0.0669563
1651 -3.24254 3.77691 -0.0413474
1652 -3.97094 5.2405 -0.06546
1653 -2.57589 5.01046 -0.0484391
1654 0.139046 3.48021 -0.0137819
1655 -0.947466 -0.00796194 0.0123295
1656 -0.580817 0.164569 0.000875162
1657 -1.25898 0.966512 -0.0100447
1658 0.224043 2.2058 -0.0084738
1659 0.169754 0.395886 0.00905696
1660 -3.75275 -1.10191 -0.00477806
1661 -6.51487 -7.72761 0.0597708
1662 -6.29201 -3.68093 0.0297217
1663 -4.89097 -1.3121 0.0210198
1664 -3.67457 0.650297 0.0083984
1665 -3.6355 1.66343 -0.00268038
1666 -2.30627 3.53319 -0.0210868
1667 -0.260941 4.42413 -0.0159192
1668 0.278794 5.20666 -0.0158553
1669 0.0598435 2.01493 0.00859515
1670 -0.592184 5.36231 -0.0155264
1671 -0.205552 5.94048 -0.0264395
1672 -1.63265 8.19865 -0.0689708
1673 -0.930938 9.94939 -0.0893856
1674 0.735893 11.2987 -0.0812824
1675 4.2095 10.7654 -0.0483484
1676 4.72595 9.76581 -0.0396483
1677 6.94593 9.4176 -0.0189173
1678 10.7357 3.61989 0.0426131
1679 10.4368 -4.16921 0.116915
1680 9.83012 -12.8625 0.178274
1681 8.82142 -17.3236 0.217223
1682 6.10941 -13.1385 0.168379
1683 9.08336 -14.4682 0.209155
1684 10.7027 -15.2108 0.225055
1685 12.7494 -14.0513 0.214409
1686 12.3789 -18.366 0.227705
1687 12.4754 -20.2018 0.228581
1688 12.5072 -18.8343 0.221106
1689 11.569 -16.2934 0.206457
1690 11.2926 -14.4207 0.188677
1691 8.58955 -12.5195 0.150306
1692 7.37708 -9.19669 0.120831
1693 7.39635 -6.39687 0.105438
1694 4.74453 -3.28518 0.050933
1695 3.31196 3.03596 -0.0226824
1696 5.44908 4.12171 -0.0170644
1697 -1.37942 14.1021 -0.135901
1698 -0.680219 12.3657 -0.130163
1699 2.97924 10.8882 -0.0866423
1700 0.0876418 16.5959 -0.159022
1701 1.31474 18.3536 -0.162664
1702 -4.7281 19.3531 -0.205511
1703 -4.68789 20.9397 -0.206252
1704 -4.83643 20.2938 -0.197932
1705 -4.7418 22.2957 -0.222224
1706 -4.97819 22.2202 -0.237305
1707 -3.07152 24.231 -0.234321
1708 -3.25573 27.6588 -0.266646
1709 -5.31373 27.5936 -0.269459
1710 -7.46574 24.975 -0.269665
1711 -3.80577 17.9488 -0.211154
1712 9.68189 21.4199 -0.207003
1713 14.3844 17.0176 -0.131979
1714 16.8068 11.3058 -0.0548995
1715 16.5635 6.17555 -0.00443695
1716 11.7304 3.89804 -0.0188656
1717 10.9818 -3.51905 0.0330675
1718 13.3038 -1.78964 0.0387292
1719 13.3042 1.13026 0.0287392
1720 14.1167 4.75581 0.0223601
1721 23.8054 3.33373 0.152052
1722 25.4333 4.43494 0.146271
1723 25.5982 7.76189 0.110828
1724 9.51726 -5.49529 0.147386
1725 10.4312 -3.88123 0.15441
1726 10.8938 -10.5629 0.224422
1727 11.1043 -9.95211 0.220351
1728 5.30547 -8.47918 0.142226
1729 -2.38454 -5.48605 0.0575487
1730 -3.62209 -5.82089 0.0545797
1731 -11.0816 -8.54687 0.0566169
1732 -10.2016 -9.43811 0.0792292
1733 -11.3895 -8.1076 0.0608095
1734 -11.6343 -7.3796 0.0418682
1735 -13.2154 -6.97772 0.0223445
1736 -9.6089 -5.86839 0.0269664
1737 -11.5657 -7.64977 0.0276531
1738 -10.6588 -7.22476 0.0282443
1739 -9.5811 -6.13878 0.0273174
1740 -11.7138 -3.67277 -0.00309621
1741 -12.4021 -2.69165 -0.0169223
1742 -3.82433 2.16776 -0.0147883
1743 -0.876772 -0.313018 0.0320682
1744 2.57464 -0.878026 0.0470898
1745 7.15782 0.00192865 0.0561158
1746 10.5538 1.34225 0.0367537
1747 7.09824 2.09083 0.000607766
1748 5.90854 1.91823 -0.00997424
1749 -15.6145 -0.0794634 -0.0915321
1750 -10.8807 -1.32563 -0.0518423
1751 -14.8628 -3.00477 -0.067459
1752 -12.8695 -4.70918 -0.0592217
1753 -12.0711 -2.25095 -0.0795766
1754 -11.4921 0.453468 -0.104145
1755 -11.9913 0.627513 -0.103058
1756 -8.7064 0.458797 -0.0900061
1757 -6.35431 2.12936 -0.090401
1758 -4.32787 6.74484 -0.0993754
1759 -6.38327 4.20737 -0.0688707
1760 0.356549 6.0615 -0.0240139
1761 9.2421 -5.10503 0.135691
1762 9.20643 -8.55349 0.163803
1763 9.05569 -12.8571 0.200072
1764 6.77131 -12.0103 0.169908
1765 -0.864973 -15.2478 0.149034
1766 -7.84877 -15.0195 0.107896
1767 -18.8196 -19.9416 0.0798858
1768 -18.3094 -5.69118 -0.0302945
1769 -23.1706 -5.71524 -0.0347279
1770 -25.7413 -9.58016 -0.019228
1771 -33.4594 -6.25696 -0.0779937
1772 -36.3606 -8.44401 -0.0767683
1773 -40.4018 -8.13052 -0.105553
1774 -43.4682 -12.9405 -0.0718209
1775 -43.5594 -13.0893 -0.0688882
1776 -41.6684 -17.6218 -0.0302224
1777 -37.5022 -18.0419 -0.0116662
1778 -35.4772 -19.6262 0.00533923
1779 -32.195 -20.6055 0.0415574
1780 -28.0803 -18.8244 0.0619502
1781 -24.9733 -18.9006 0.0886678
1782 -21.5787 -13.5539 0.0551047
1783 -23.6121 -10.3352 -0.0011142
1784 -18.1922 -13.9624 0.0432611
1785 -20.4321 -8.71332 -0.0401085
1786 -18.9557 -8.48769 -0.0497852
1787 -24.0102 -2.07841 -0.163256
1788 -18.7586 0.111056 -0.125005
1789 -13.7071 1.6752 -0.116519
1790 -6.21674 3.79201 -0.0905393
1791 0.180246 8.57666 -0.104476
1792 14.5339 13.4277 -0.0843981
1793 11.795 3.42245 -0.0360241
1794 21.6341 16.0754 -0.107399
1795 32.9709 23.0601 -0.102426
1796 38.3205 26.796 -0.118477
1797 31.9331 24.5589 -0.1399
1798 35.5845 25.7138 -0.131506
1799 32.4843 28.2351 -0.171106
1800 31.0344 29.5025 -0.191406
1801 29.3223 29.4507 -0.191777
1802 29.5484 27.9344 -0.161243
1803 28.3811 27.6613 -0.158068
1804 26.3344 29.6848 -0.190219
1805 30.2319 31.8082 -0.19447
1806 17.66 28.61 -0.210999
1807 6.7745 18.5302 -0.150956
1808 0.362211 14.1826 -0.118599
1809 2.46964 7.64889 -0.051576
1810 -3.16026 6.83406 -0.0616725
1811 -4.99902 9.24725 -0.10095
1812 -5.60084 7.70432 -0.0928378
1813 -5.39095 1.8134 -0.0371049
1814 -0.304981 -11.1548 0.102253
1815 -1.68969 -9.18352 0.0859332
1816 -1.10698 -16.5661 0.163121
1817 -2.76911 -17.7204 0.157238
1818 -3.06087 -19.1958 0.167175
1819 -3.14474 -18.2317 0.151998
1820 -4.0715 -16.3915 0.134304
1821 -5.14667 -14.6448 0.118677
1822 -9.50905 -7.86069 0.0293101
1823 -13.9443 -8.82928 0.0253912
1824 -13.9028 -12.8218 0.0787662
1825 -6.99396 -12.1326 0.137883
1826 -0.071314 -3.22268 0.105047
1827 -8.50326 -0.738843 0.0212951
1828 -6.81702 -11.945 0.0778102
1829 -5.4971 -15.5374 0.0816161
1830 -4.17892 -19.0981 0.0850319
1831 2.10438 -32.9125 0.305948
1832 2.12159 -21.0416 0.20297
1833 -4.20109 -14.2366 0.0982983
1834 -3.07851 -9.73277 0.0533356
1835 -4.48734 -4.38898 0.00445943
1836 3.00062 -5.04009 0.0348168
1837 -5.81264 1.02002 -0.0761503
1838 2.76164 6.35325 -0.0515261
1839 8.99966 15.5538 -0.0727513
1840 7.6581 23.9697 -0.132252
1841 20.4664 18.6187 -0.0109406
1842 22.8789 16.7811 0.0137038
1843 27.732 12.5004 0.0628588
1844 19.9854 12.1041 0.0300186
1845 15.9089 8.57339 0.0342549
1846 11.5977 4.99231 0.0254968
1847 7.19327 2.56442 0.00731464
1848 -0.994274 2.98943 -0.0435053
1849 -4.83582 0.767277 -0.0508932
1850 -6.97823 -0.838623 -0.0485034
1851 -7.34174 -3.9216 -0.0222744
1852 -4.91989 -5.72113 0.00526317
1853 -3.79549 -6.57775 0.0210243
1854 -1.36419 -7.66697 0.04868
1855 -0.621296 -8.75021 0.0661969
1856 0.906715 -10.4494 0.0914185
1857 0.442844 -10.6904 0.0909405
1858 0.109817 -10.7701 0.089988
