1 -0.045899 0.594168 -0.00222874
2 0.275241 -0.0762226 0.00310757
3 0.0127624 -1.13892 0.00913149
4 5.31603 -2.91631 0.0493933
5 10.0347 -3.85786 0.0441382
6 12.5344 -1.51422 0.0338752
7 -3.71432 13.5352 -0.16491
8 -18.1472 12.1737 -0.196843
9 -5.09345 -6.79861 0.0345474
10 -2.75077 -2.32646 0.0282709
11 10.1011 -5.12354 0.0955075
12 0.722102 0.915096 0.00888168
13 -4.29502 0.320557 0.00277311
14 -7.85632 10.5027 -0.106426
15 -20.5254 29.7639 -0.304039
16 12.1275 -3.46127 0.0769204
17 15.0641 -7.05747 0.153626
18 13.504 -3.24177 0.0638663
19 8.53496 1.49181 0.0103746
20 11.1173 0.220045 0.0216834
21 8.01241 0.256606 0.0206983
22 2.10349 0.789356 0.0422118
23 2.19673 -2.45426 0.0443089
24 4.29918 -23.7748 0.183125
25 25.9646 -18.2719 0.282968
26 15.3794 4.36954 0.0599756
27 8.47049 10.2392 -0.0670772
28 -3.05322 3.44438 -0.0409416
29 -2.10445 -5.68769 0.0453492
30 0.141433 -8.39493 0.0423018
31 -7.75776 1.04882 -0.0463372
32 7.32677 13.4629 -0.0835601
33 -1.68861 3.04425 0.0121207
34 11.8717 -5.51127 0.141024
35 15.7164 3.1462 0.0538743
36 4.92866 3.25968 -0.0109323
37 -4.28459 0.889046 -0.044584
38 -1.73173 4.55739 -0.045408
39 10.3508 5.28038 -0.0305972
40 -5.12949 0.978526 -0.0242232
41 -3.99211 4.31796 -0.0576562
42 -3.62208 7.80014 -0.0860457
43 -0.481057 6.01135 -0.0522258
44 2.39214 4.09713 -0.0321858
45 -2.70153 5.03625 -0.0598998
46 0.641206 5.48566 -0.0616106
47 5.59882 -1.04403 0.0192854
48 12.493 3.10643 0.0102985
49 2.51254 -0.624356 0.0128094
50 10.3546 -1.90287 0.03874
51 7.48759 8.57634 -0.0409988
52 3.85445 -5.60401 0.0689755
53 -2.03502 -2.14653 0.00263916
54 0.433075 -0.117634 -0.015665
55 1.11702 -0.29946 -0.0104359
56 -1.47927 -5.42961 0.0429707
57 9.66361 -16.2677 0.153983
58 4.43927 13.0869 -0.0777058
59 4.31873 -6.63947 0.0218945
60 4.4802 -6.24125 0.0406404
61 -1.66335 -12.6168 0.0697731
62 -5.35092 -12.627 0.0734468
63 2.9909 -3.10286 0.0591716
64 11.7362 -9.29363 0.114755
65 0.00420678 5.2972 -0.0521577
66 0.279046 8.62812 -0.112162
67 5.89425 6.15694 -0.0348381
68 11.4691 4.32884 0.036432
69 15.1312 3.13404 0.22793
70 4.29071 8.83466 -0.0263279
71 5.65018 -5.86034 0.0379668
72 1.94261 -2.80683 0.00377082
73 2.36469 -6.89128 0.0521367
74 -3.00027 4.57909 -0.0554303
75 0.380224 -5.50998 0.0586555
76 -0.878614 4.15482 -0.0603361
77 2.12665 9.69739 -0.126177
78 -4.60505 2.85334 -0.0339732
79 8.59139 -8.78424 0.154504
80 1.66503 5.68604 -0.00133112
81 -1.59872 13.9733 -0.102802
82 -5.66177 6.25164 -0.0607469
83 -0.772896 -5.49878 0.0343344
84 -4.81936 -2.76404 -0.00298487
85 -14.5566 1.46999 -0.0598954
86 -6.05665 7.85458 -0.0806102
87 -1.65216 5.65796 -0.0307188
88 -11.2561 17.1577 -0.181622
89 4.29472 13.559 -0.0781864
90 -0.938967 5.66911 -0.0308724
91 -0.536005 6.61498 -0.0315999
92 7.57697 0.768439 0.0554408
93 6.75801 2.90048 0.0517245
94 -5.0608 8.43829 -0.0662668
95 1.48968 3.50446 -0.00737242
96 -12.8411 0.619275 -0.107606
97 -0.530549 0.940998 -0.00274958
98 1.15107 -0.40186 0.000626964
99 0.144351 2.00938 -0.0241053
100 -0.368288 -2.57178 0.015486
101 -2.74096 0.807083 -0.00777652
102 -3.47253 3.57559 -0.0383345
103 -0.165444 0.0474457 0.00458602
104 1.78094 -4.03417 0.0456192
105 1.03521 -0.592229 -0.00413535
106 3.42606 -3.97787 0.0329901
107 4.83747 -1.3557 0.0186356
108 1.6021 -0.564125 -0.00839056
109 4.09398 -3.82459 0.0208002
110 4.71652 1.51243 0.00345833
111 -2.7237 5.36019 -0.0404778
112 -1.45219 -5.05584 0.00750749
113 1.83298 -3.04341 0.023281
114 -0.148891 -1.64478 0.0208057
115 -0.310634 -0.982723 -0.000507716
116 -1.66522 2.79412 -0.0277652
117 2.89311 -1.70202 0.0291534
118 -0.407963 2.43413 -0.0254113
119 1.0105 0.86317 0.00017751
120 -2.52529 -2.94261 0.0036262
121 0.539185 3.9143 -0.0252053
122 -0.310417 -3.07284 0.0498399
123 2.90448 3.83521 -0.00600904
124 -0.102668 1.94961 -0.0132438
125 1.14076 -2.25792 0.0261019
126 -5.45459 5.67404 -0.0551265
127 -2.05065 4.99167 -0.0281378
128 -10.3636 16.8174 -0.163512
129 -3.03433 2.95239 -0.039104
130 4.42664 -9.71153 0.0970227
131 -4.00132 -5.29154 0.0107545
132 6.12898 -2.3594 0.0629413
133 6.12898 -2.3594 0.0629413
134 29.4297 17.0749 0.0607487
135 22.1763 3.98037 0.138192
136 6.5789 11.2297 -0.0899576
137 2.89571 -5 0.0453693
138 -2.00233 7.24692 -0.10069
139 -0.205991 -6.23857 0.0310659
140 6.4604 -10.3451 0.086499
141 9.50608 -8.48429 0.102627
142 2.79605 -5.52748 0.0524423
143 -0.749547 -0.677919 -0.00335807
144 1.84478 3.71692 -0.0343268
145 -0.175991 1.41022 -0.0176536
146 -3.52372 3.21722 -0.0234168
147 -0.769643 0.76557 0.011699
148 -3.61958 7.19587 -0.0445017
149 -1.85612 -0.782723 0.00685066
150 -4.59039 1.09942 -0.0152906
151 -3.5329 -0.473921 0.00713719
152 -1.50539 -1.15713 0.0221619
153 -0.653459 -2.35977 0.0198197
154 -4.83643 -0.668392 -0.0275248
155 -2.50298 -0.711477 -0.0208202
156 -2.11838 2.32579 -0.0456595
157 -4.34765 0.805939 -0.0418799
158 -2.71772 0.285032 -0.0244226
159 0.713744 -2.34588 0.0169462
160 -0.628197 -1.78368 0.0117273
161 4.67828 6.00938 -0.022901
162 -1.38122 1.89653 -0.0234444
163 1.16158 -3.12289 0.0280199
164 -0.868911 -0.102275 -0.00243105
165 -1.63597 1.01548 -0.0114852
166 0.629519 -0.227515 0.0129823
167 1.3106 -0.776157 0.0132369
168 3.93039 2.34787 -0.00859622
169 7.2299 6.16978 -0.0297389
170 -1.55826 1.52644 -0.0208043
171 1.01877 1.7658 0.00343542
172 4.61761 -1.64044 0.0500097
173 5.65058 -1.89009 0.0487837
174 -4.5138 1.53836 -0.0261939
175 -2.70853 9.9204 -0.0873123
176 1.61997 -3.2423 0.0316575
177 -4.45585 -3.81464 -0.00578283
178 10.1185 2.78321 0.0326947
179 -5.57088 6.72163 -0.0914297
180 -1.10549 5.52926 -0.0621811
181 -2.93345 -18.2622 0.140963
182 7.44456 2.70726 0.0306946
183 4.90473 6.65751 -0.0119998
184 -5.63076 -1.45767 -0.00998364
185 2.48307 -2.40434 0.0235535
186 2.60602 -9.81131 0.0826454
187 0.628877 0.784936 0.002512
188 5.74902 -1.04694 0.0444203
189 4.82431 -5.02923 0.0629661
190 -0.00865212 -1.53107 0.0205802
191 7.31706 0.298 0.0470629
192 0.39426 -2.60992 0.0175636
193 3.0809 5.43815 -0.0268418
194 -1.07705 1.39643 -0.0296233
195 -1.47625 -0.975642 -0.0106729
196 -4.12838 5.21147 -0.0534889
197 -2.87927 0.318265 -0.0200082
198 -2.48581 -0.686195 -0.0156205
199 -3.70111 0.69173 -0.0222994
200 0.543289 0.320581 -0.00964472
201 0.00176413 4.44322 -0.0196119
202 -0.539773 2.51551 0.00400299
203 3.16316 -5.55314 0.0593395
204 -2.12028 -3.36615 0.0106211
205 1.22389 0.396276 -0.00182914
206 1.08836 -0.986993 0.00148293
207 -5.51243 4.77801 -0.0665956
208 -6.13821 8.45627 -0.0896203
209 -7.38158 -0.454082 -0.0113125
210 -3.24345 -1.71206 0.0139036
211 2.88728 -6.28132 0.0599106
212 0.799033 0.177757 0.00400701
213 -5.89123 7.7602 -0.0778161
214 -13.2683 10.3263 -0.159835
215 -0.575387 19.5172 -0.184301
216 -4.60403 -3.43264 -0.0262921
217 -9.02667 -5.89339 -0.000505125
218 -5.34948 2.29562 -0.0721924
219 -2.08139 1.37704 -0.0305631
220 -5.16237 -2.00974 -0.0252312
221 2.93472 -3.5239 0.0118974
222 5.20389 -5.07837 0.0838436
223 5.66032 -6.98574 0.0908141
224 5.24938 -9.06495 0.0905841
225 4.8465 -3.52543 0.0489851
226 18.3733 -2.35563 0.119144
227 -0.464476 -2.33022 0.00384255
228 -5.60646 2.20152 -0.0529437
229 0.833543 3.50436 -0.0491588
230 4.30877 4.23857 0.00933974
231 -1.41474 9.40984 -0.0397213
232 1.46739 -4.67512 0.0391798
233 -2.4785 -1.4809 -0.0188878
234 -1.28957 3.40585 -0.0122644
235 -4.87217 12.0285 -0.11556
236 -9.26604 8.43358 -0.123022
237 2.52805 3.60695 -0.0304157
238 22.1276 9.43474 0.0182286
239 0.0338813 -1.82808 0.0306643
240 0.0338813 -1.82808 0.0306643
241 7.97398 8.13382 -0.00948657
242 7.67766 13.7363 -0.0638243
243 -7.32581 1.7847 -0.0713881
244 -4.98336 0.796738 -0.0536413
245 -1.57935 10.6042 -0.139606
246 6.46734 9.15991 -0.0592837
247 -0.664286 1.23966 -0.0221156
248 0.606067 3.80261 -0.0294352
249 -4.42996 -0.638374 -0.0409111
250 3.68656 1.80755 0.00266904
251 3.13033 7.01695 -0.0463718
252 -17.5522 -11.0134 -0.0265827
253 6.21131 2.4834 -0.0234744
254 13.4541 13.9575 -0.011274
255 4.71966 -1.46359 0.0547223
256 2.27814 0.845043 0.0137424
257 4.68946 -1.6395 0.0485714
258 3.12187 2.91961 -0.00539357
259 -1.00795 -0.339904 0.00308642
260 -4.06274 1.82354 -0.0366422
261 1.4135 8.6695 -0.0839107
262 2.18288 0.104696 0.0131449
263 -0.825774 -5.56249 0.0658923
264 1.63244 5.42066 -0.0187372
265 -1.6948 6.30152 -0.0940997
266 -1.12486 1.8471 -0.0281089
267 -11.7134 -2.15592 -0.0419936
268 13.3719 2.18021 0.0248055
269 -0.925122 -2.16027 -0.00669404
270 6.24374 -2.5801 0.0453566
271 4.19256 -1.57538 0.0411296
272 6.85508 -8.31535 0.139283
273 2.17174 3.91927 -0.0374909
274 4.64062 1.33791 0.0235321
275 8.12438 -0.49051 0.0313136
276 12.0083 0.458655 0.0546872
277 9.57386 -1.48252 0.0579653
278 2.71547 0.889441 -0.0122258
279 -3.68532 2.79797 -0.0480664
280 10.9792 13.9203 -0.0295336
281 -12.9762 -8.96067 -0.0044913
282 -2.52447 0.474819 -0.0115748
283 2.87865 -4.39846 0.048898
284 4.84672 5.51316 -0.0358034
285 2.83803 -1.28474 0.0213103
286 10.0999 2.85132 0.0268764
287 -2.61025 -1.66331 0.00485161
288 4.68256 5.37857 -0.0441656
289 5.1142 6.36471 -0.0160436
290 -4.74395 0.214167 -0.0378657
291 5.47005 11.7591 -0.0709937
292 -5.13428 6.26061 -0.0594322
293 15.8439 8.53023 -0.0283839
294 -26.8721 2.25614 -0.0894789
295 6.11734 6.89269 -0.0554574
296 -1.2441 4.24774 -0.0392363
297 4.98409 3.53196 0.0128385
298 -5.55039 2.69742 -0.0343507
299 2.65557 2.57252 -0.00506502
300 8.1911 -2.58376 0.0706737
301 2.37448 -1.62147 0.0276504
302 -1.10864 -2.95184 0.00926167
303 6.23601 5.04851 -0.048772
304 -1.64521 1.33269 -0.0291683
305 0.0952473 -1.74639 0.00654121
306 -1.52997 3.16036 -0.0426566
307 -0.407312 3.77562 -0.0488562
308 0.510027 2.59308 -0.0246248
309 0.656987 0.170164 -0.00379532
310 -1.72534 1.92282 -0.0361829
311 9.82122 2.59562 -0.00919937
312 0.413168 2.32214 -0.0167049
313 4.67659 0.426877 0.0149806
314 2.34115 1.97824 -0.0037001
315 2.28119 1.14747 0.0107847
316 -0.693756 3.55573 -0.028945
317 7.42808 1.28446 0.10243
318 6.88609 5.07776 -0.0191214
319 2.0484 -3.65726 0.0461108
320 4.34511 1.57687 -0.00859079
321 9.89315 -0.167816 0.0318984
322 3.59966 1.10199 0.0143439
323 3.0984 7.91445 -0.0400053
324 -0.326349 4.70852 0.00673128
325 15.0902 12.1665 -0.022363
326 2.78922 7.96076 -0.0771611
327 6.8134 -2.22078 0.042403
328 10.4976 -0.958499 0.0650463
329 3.40715 -3.65159 0.0471221
330 -3.45886 11.5728 -0.0687463
331 -0.583975 -0.377513 -0.00854508
332 16.9322 13.4873 -0.0163716
333 -0.29644 -0.862175 0.00430847
334 -2.76937 2.65404 -0.0170752
335 -3.64839 -0.402411 0.00355479
336 -0.989918 -0.430711 -0.00418262
337 -0.399765 -0.661065 -0.000143551
338 -3.42882 3.66306 -0.0576804
339 1.04803 1.33257 -0.0302333
340 -2.4852 4.96975 -0.0680726
341 -2.50977 1.49556 -0.028815
342 3.49386 5.35403 -0.0428528
343 1.10143 -1.80036 0.00683037
344 3.33572 1.79863 -0.0014804
345 -16.8552 2.70356 -0.0665024
346 -2.82346 1.80749 -0.0138329
347 -0.261045 5.44355 -0.0507447
348 3.2231 8.20493 -0.0448941
349 8.32189 8.81508 -0.0555714
350 2.67626 4.06734 -0.00685017
351 -0.990618 -0.560852 -0.00686605
352 5.73676 -1.39607 0.0353191
353 1.38736 -2.38252 0.034074
354 1.64263 5.47113 -0.0283927
355 0.634355 1.77633 -0.0122105
356 1.01201 3.12518 -0.0212824
357 3.62079 -0.748332 0.0332026
358 0.259708 3.03977 -0.0301861
359 4.62173 4.02045 -0.00817242
360 3.42208 2.62882 -0.0169886
361 2.49648 2.75528 -0.011434
362 4.33124 0.178848 0.0484373
363 2.20546 3.13167 -0.0106077
364 -0.273608 3.00627 -0.0326317
365 4.69477 6.03345 -0.0275594
366 1.77115 -4.93052 0.0425937
367 6.43702 -1.41685 0.0544989
368 6.97849 6.59801 -0.0214309
369 9.34519 -0.499463 0.0384942
370 3.76596 5.33672 0.00253154
371 5.26499 8.90741 -0.0495719
372 -6.01832 -5.76398 0.0125059
373 -12.3241 7.91498 -0.110364
374 2.81454 0.361179 0.014924
375 9.07609 -1.76277 0.0345576
376 5.46307 1.99438 0.000636572
377 1.51093 3.95887 -0.0295087
378 3.32243 -0.351552 0.00438192
379 2.49431 3.6702 -0.0215491
380 1.20005 3.46815 -0.0251565
381 1.21336 5.84843 -0.0456061
382 -2.78257 6.10478 -0.0872221
383 -0.523367 2.48246 -0.0390218
384 0.473554 2.47358 -0.00901429
385 -0.422054 5.8762 -0.0418247
386 1.73464 6.48775 -0.0470606
387 9.39021 2.89522 -0.00331949
388 2.40293 -0.545971 0.0143359
389 3.98728 -3.41049 0.0124546
390 7.37312 0.0283337 0.0280904
391 6.99923 -1.07803 -0.00129814
392 4.31166 0.3717 0.00587563
393 4.31166 0.3717 0.00587563
394 2.60173 0.192639 -0.00593594
395 12.02 1.271 0.0323175
396 1.53196 5.05777 -0.0360561
397 6.48589 3.98884 0.0234075
398 2.34 3.21163 0.0122662
399 0.707825 2.24395 -0.00432601
400 5.75893 0.269682 0.0150055
401 5.07958 -0.588304 -0.00789276
402 7.45014 -1.36413 0.0216468
403 2.63492 -5.18853 0.0599039
404 2.01731 -3.12413 0.0341586
405 2.63166 -0.439343 0.0250292
406 10.7024 5.82724 0.0151125
407 -1.29205 0.841736 -0.00461936
408 1.92336 -5.57786 0.0304331
409 0.182512 2.4477 -0.0236843
410 2.65221 0.336084 0.00917892
411 0.410292 -0.874729 0.00877762
412 1.2352 8.41079 -0.0506382
413 0.906826 -4.62597 0.0395775
414 6.76224 -0.45126 0.0264985
415 11.8195 -1.33779 0.0434251
416 1.8724 -0.799837 0.00329698
417 2.34218 2.219 -0.00868659
418 7.98564 3.69002 -0.0058938
419 -2.05558 2.97729 -0.0386457
420 -2.34116 2.13723 -0.0331572
421 -3.57998 3.07634 -0.0330334
422 0.0484594 10.1836 -0.084818
423 16.745 4.41257 0.070355
424 -4.56797 5.75258 -0.0702508
425 -0.529545 3.91295 -0.0316347
426 -2.93736 2.68252 -0.025473
427 1.16071 2.52863 -0.0019345
428 -1.74665 1.32763 -0.0296244
429 3.41984 4.47371 -0.0287141
430 2.96839 -0.0116967 0.00922467
431 -1.162 -3.58785 0.0117989
432 0.811557 0.0713562 -0.00794297
433 2.78149 1.96293 -0.0338184
434 3.99297 -0.100058 0.0154054
435 8.63805 -2.67322 0.0698664
436 -2.33933 2.32455 -0.0388413
437 5.34306 -2.57447 0.0678366
438 -0.446942 5.072 -0.0449247
439 4.32326 0.940912 0.0723865
440 0.773066 4.45346 -0.0219078
441 3.41158 -0.657099 0.0386779
442 7.02245 -0.477042 0.0178047
443 1.56647 -4.29358 0.0161082
444 3.85638 -1.67954 0.0300308
445 0.917876 3.05381 -0.0153068
446 1.75371 -2.28934 0.0193021
447 3.13056 -0.138941 0.0165765
448 7.3642 -3.81486 0.0724853
449 2.50674 -3.50393 0.0660532
450 3.94541 -5.28252 0.0982512
451 -3.60093 4.46031 -0.0640706
452 -0.56307 1.25787 -0.0152823
453 2.37989 5.98943 -0.0343518
454 0.427279 -1.24628 0.00776247
455 -1.99932 -0.92958 -0.0138711
456 0.49385 0.145334 0.000334872
457 -2.59608 -0.0792633 -0.0195403
458 1.40727 -0.77474 0.0241298
459 -13.6916 3.31096 -0.0666662
460 -3.60185 0.416375 -0.0144136
461 -0.793613 -0.685271 -0.00266224
462 4.17461 -6.03406 0.0678191
463 0.375816 -0.515341 -0.0011317
464 2.80436 6.50347 -0.0236464
465 -1.14761 2.20597 -0.0203885
466 4.26629 10.1231 -0.0938289
467 1.92098 8.61716 -0.111946
468 8.58946 0.729593 0.0441918
469 1.01131 9.90766 -0.0971221
470 1.22944 4.98993 -0.0458855
471 0.270394 5.07069 -0.0452332
472 -0.809243 -3.42526 0.0126715
473 0.301726 0.878791 -0.0123253
474 2.76397 2.85978 -0.0161211
475 -0.0593918 0.221854 -0.000367809
476 -3.29855 0.555707 -0.0242593
477 8.82374 0.423671 0.0367825
478 2.4842 0.682596 -0.0039131
479 4.81004 5.20937 -0.0127186
480 0.929214 4.22945 -0.0107499
481 2.59492 -5.21896 0.0607199
482 0.40974 0.850674 0.00609409
483 1.91947 -2.2525 0.047373
484 4.64161 5.88843 -0.0183633
485 -0.545975 2.23502 -0.0134404
486 -1.78188 -5.33225 0.0347715
487 0.646424 3.25021 -0.0173289
488 1.21005 -4.82517 0.0427029
489 5.83923 -6.42118 0.107222
490 1.80339 -5.20643 0.0471693
491 0.723596 -6.28209 0.0509046
492 -1.68095 -2.31162 0.0078929
493 -6.75815 0.459532 -0.0222316
494 0.808778 -1.47861 0.0195166
495 -0.172932 0.550751 -0.00731344
496 5.16584 0.363338 0.0287995
497 5.2629 9.74776 -0.0929626
498 -0.101172 8.29607 -0.109027
499 -12.3828 7.88848 -0.10442
500 0.961752 4.79348 -0.0446645
501 2.45764 3.28521 -0.0127576
502 1.16355 0.55186 -0.00825913
503 2.64299 -2.6477 0.0024824
504 4.16777 0.476081 0.00339009
505 0.268624 0.639547 -0.0152991
506 -2.43105 4.9261 -0.0597034
507 0.405747 -1.60549 0.0170249
508 -0.236569 0.511819 0.00255688
509 -2.23425 3.26978 -0.0258508
510 -2.84249 1.1336 -0.0333945
511 -1.18943 4.08517 -0.0500048
512 3.7847 -0.965664 0.0139252
513 4.33856 -0.0443772 0.0329409
514 3.71213 -3.38224 0.037338
515 5.12096 8.19567 -0.0361505
516 -12.5872 1.16622 -0.0902135
517 -14.2916 -3.98519 0.0270801
518 -7.91808 -7.4649 0.0502154
519 1.8812 1.05779 0.0171898
520 -5.27991 6.21182 -0.0830525
521 2.36892 0.520913 0.0167839
522 8.13913 6.08166 0.0168541
523 7.24163 -3.11924 0.0675595
524 14.6068 2.60771 0.104095
525 -3.81832 1.58582 -0.0494731
526 -2.10953 -3.71007 0.0157096
527 5.84186 2.54729 -0.0506909
528 2.41261 -1.52054 0.0276724
529 4.64899 -2.66565 0.0484306
530 8.08205 -2.7124 0.0512171
531 0.967753 0.168495 -0.00179853
532 1.39777 1.59201 -0.0282253
533 3.77989 -2.18076 0.0310224
534 1.23367 0.184253 0.000683993
535 0.814085 0.98284 0.00148929
536 -0.473232 3.03051 -0.0256395
537 -0.403343 1.58521 -0.0101109
538 0.489055 1.95154 -0.00139686
539 -0.543017 1.32065 -0.0137756
540 -0.972522 -0.030524 -0.00446775
541 -0.105991 -1.89169 0.00207647
542 -0.348302 -1.11456 -0.00181977
543 0.98694 -0.2203 -0.00402723
544 -0.657609 -1.08134 7.31875e-05
545 0.713737 -0.687925 0.00354209
546 0.114533 1.81832 -0.0067949
547 1.62416 0.556635 0.000201327
548 1.36351 2.25543 -0.0231179
549 0.535652 1.6369 -0.0110122
550 5.55645 4.70169 -0.0157704
551 6.3111 5.41342 -0.0116851
552 1.13268 2.42776 -0.00861603
553 3.52948 4.43008 -0.0267865
554 3.39589 1.01623 0.0242833
555 -0.935569 1.27188 -0.0198552
556 3.40208 0.532032 0.0294581
557 0.774521 -2.4675 0.0169379
558 -0.937154 2.59492 -0.0231272
559 1.60154 -2.39681 0.0165973
560 -0.503682 -2.51237 0.0212833
561 17.4059 7.90358 0.0274585
562 -1.73301 4.06068 -0.0551728
563 4.70606 7.45679 -0.0227111
564 1.89551 4.38511 -0.0637779
565 0.657318 -0.510387 -0.00881652
566 3.25517 -5.74795 0.0791511
567 -2.00204 -1.20505 -0.00295083
568 -1.25144 -10.5561 0.0661482
569 0.631993 -2.76731 0.0297297
570 -1.4177 -1.16332 0.00723822
571 0.486853 0.0617829 0.00433481
572 -0.151306 4.88308 -0.0341874
573 -0.771027 3.87138 -0.0257401
574 -2.15796 -2.95429 0.0218067
575 4.35173 -1.57219 0.0139027
576 0.669649 1.50421 -0.0181453
577 -1.83961 0.482475 -0.0129598
578 2.02006 3.99971 -0.0200975
579 0.704116 4.29767 -0.0393869
580 2.60514 -1.10053 0.019208
581 4.78675 -0.751714 0.0265348
582 3.79109 2.87516 -0.0114461
583 1.62247 1.12668 -0.0064641
584 0.405841 -2.59699 0.0116824
585 1.57186 6.07966 -0.0256245
586 5.86602 4.62411 -0.0217285
587 1.15695 1.2207 -0.00913963
588 4.11316 -1.3023 0.0501465
589 0.914516 5.47731 -0.0193675
590 3.25667 1.44223 0.0362983
591 -0.798908 -2.90087 0.0224248
592 2.40994 -3.94345 0.0536606
593 2.95175 -3.05782 0.0439074
594 1.53641 -0.775026 -0.00165123
595 5.98289 -1.0429 0.0345525
596 -1.16749 -1.78421 -0.0209146
597 3.72115 -0.987348 0.0355294
598 3.06156 -2.49642 0.0490577
599 2.62007 -6.12843 0.073181
600 0.759153 -2.44554 0.0118615
601 -2.79114 -1.69633 0.0160346
602 -0.825689 5.73402 -0.0396242
603 0.759548 3.61691 -0.0212799
604 -0.845334 8.59138 -0.059801
605 10.2719 -4.21336 0.0686481
606 -1.50773 0.928454 -0.024084
607 -0.486725 7.57526 -0.041325
608 5.18246 7.96226 -0.0717108
609 -2.84218 2.17109 -0.0494843
610 4.93556 -3.22914 0.0161378
611 8.04989 3.67493 0.00959734
612 -1.9851 0.646811 -0.0189602
613 3.36517 8.75848 -0.0575178
614 3.3307 11.2933 -0.0818884
615 1.20308 4.14575 -0.0222427
616 4.61283 4.96458 -0.0256238
617 5.85622 -1.19607 -0.0124495
618 -1.3678 -2.2278 -0.0153505
619 -4.43565 -2.51945 0.00412996
620 -1.23469 -4.37421 0.0185872
621 -5.26908 -6.07192 -0.00133291
622 -4.01537 3.27085 -0.0516195
623 3.58248 -1.83396 0.0356297
624 6.6377 1.2223 0.0441403
625 6.39375 3.6126 0.00904417
626 8.30179 -5.24115 0.0734693
627 7.94334 -2.2709 0.0542857
628 10.9121 -6.56161 0.0991084
629 9.24056 -4.08935 0.0643905
630 4.0742 -11.1138 0.106383
631 5.40469 -4.33542 0.0576102
632 3.79826 -2.58525 0.0410892
633 -0.546352 -0.054605 0.000246752
634 9.20169 -14.2014 0.155806
635 5.46361 -8.21852 0.0735209
636 -0.53518 0.492869 0.00107922
637 -1.16902 0.367139 0.0155835
638 -6.05989 4.36496 -0.0560898
639 -5.47221 1.11176 -0.0260778
640 -3.37019 2.22688 -0.0241858
641 -1.77248 3.41875 -0.028784
642 -2.42596 2.24578 -0.015006
643 -1.31648 2.77406 -0.00825367
644 0.221036 0.657052 0.0105447
645 0.667528 2.8206 -0.0167829
646 0.000143753 3.49516 -0.0269243
647 0.0742063 6.22333 -0.0442243
648 -0.819752 8.37746 -0.0763973
649 -0.478597 3.24908 -0.0375973
650 -0.589264 4.82275 -0.053313
651 -2.46997 5.72244 -0.0804181
652 -0.586215 7.28369 -0.0857432
653 -4.47052 1.99798 -0.0418338
654 -1.24284 4.53615 -0.0546848
655 -0.58423 3.88263 -0.0330052
656 0.729222 -1.64628 0.0301432
657 2.36007 -1.33163 0.0430887
658 4.04648 -2.94041 0.0341102
659 4.9958 -3.69337 0.0462356
660 3.81447 -1.17342 0.0214815
661 7.57866 -0.0478805 0.0286419
662 1.40038 0.803747 0.00764075
663 2.55675 0.71062 0.0124827
664 0.831829 2.70274 -0.0115395
665 0.623607 1.78521 0.00985711
666 -0.0264692 7.02855 -0.0583292
667 2.07451 6.59008 -0.0147112
668 2.35905 0.0679233 0.0208717
669 -0.97614 6.09872 -0.0441928
670 5.25744 -2.26768 0.0697937
671 3.86264 -0.00792179 0.0240827
672 3.09456 3.45237 -0.0200423
673 0.177854 1.75071 -0.0162441
674 1.91505 0.0446209 0.00813659
675 1.31674 0.921734 0.00920065
676 -0.363015 4.25895 -0.0276759
677 1.36725 -9.85805 0.111851
678 4.81233 4.88994 -0.0108315
679 8.17046 5.59087 -0.0203773
680 -0.504018 4.51147 -0.0411375
681 0.65572 0.939432 -0.0194034
682 1.23911 2.73801 -0.05317
683 0.42925 -0.604772 0.00689689
684 5.08748 0.89885 0.0223375
685 2.05742 -1.21161 0.0298295
686 2.49428 4.06092 -0.0110357
687 -0.254132 4.45996 -0.0354704
688 0.270706 9.7888 -0.0913525
689 -1.49157 -6.60639 0.0557691
690 -0.108796 0.00822292 0.00416362
691 -0.37207 4.99337 -0.0636838
692 7.05787 -1.44737 0.0579641
693 -6.6245 -1.18637 -0.0349275
694 1.93375 7.58043 -0.071759
695 -0.785795 0.4512 -0.0245787
696 0.865936 -4.16688 0.0309847
697 4.07136 0.248583 0.00237364
698 -2.66912 12.2472 -0.103606
699 -4.45828 2.40198 -0.0211072
700 6.84038 -0.639373 -0.00706202
701 12.402 9.15477 -0.017342
702 -4.82126 6.73509 -0.0854825
703 -1.64152 -1.47517 0.0120424
704 4.29871 0.339295 0.0154333
705 0.785491 -7.16167 0.0656093
706 -1.43367 -5.40069 0.0252405
707 0.344995 -1.61341 0.00196073
708 0.760003 3.08313 -0.0271207
709 1.58449 2.88792 -0.00338584
710 -0.562957 1.58279 -0.0182708
711 5.19693 1.05043 0.0168534
712 1.00729 1.33225 -0.00362923
713 4.55006 0.158967 0.0249722
714 1.65088 -0.491782 0.0125877
715 4.06988 3.65647 -0.0150048
716 5.82143 4.05446 0.000365969
717 -1.46986 -1.38698 0.00525008
718 6.32189 7.72568 -0.0434453
719 3.3564 -0.0475856 0.013288
720 6.48029 0.776809 0.0410814
721 3.49233 0.933251 0.0103782
722 -2.48232 1.73614 -0.0399555
723 1.45781 1.96457 -0.000920599
724 -2.60821 7.94361 -0.0753888
725 4.81479 7.07895 -0.0266968
726 -0.976685 6.24998 -0.0658589
727 -2.91116 1.76353 -0.0448551
728 5.38831 1.46223 0.0214272
729 -2.30967 9.73256 -0.102521
730 -2.4788 -0.472959 -0.0231375
731 -1.65461 1.09332 -0.000287088
732 -0.0446604 1.99431 -0.00408876
733 0.861345 0.605335 0.0104151
734 2.10213 -0.818868 0.0291541
735 5.4259 7.75556 -0.0413198
736 7.23004 6.22141 -0.0774044
737 -1.2471 3.22073 -0.0436742
738 0.974116 -7.60696 0.0781129
739 14.7247 0.687805 0.12432
740 -1.08825 1.99322 -0.0184681
741 6.98909 5.10458 -0.0698382
742 0.710943 -4.45781 0.0281337
743 -6.21786 -4.37431 -0.040613
744 3.31127 -2.41059 0.0584302
745 0.713528 1.10922 -0.00864324
746 6.42425 2.66713 0.0298059
747 4.48134 1.63976 0.0684989
748 7.5544 1.04064 0.0152775
749 -2.22253 8.30408 -0.1132
750 -0.937797 3.24271 -0.0387075
751 -0.118408 3.39579 -0.0435624
752 0.0608962 2.96318 -0.0149405
753 6.14779 -6.15592 0.0983217
754 11.3104 1.04272 0.0646882
755 3.54956 3.15925 -0.083179
756 -1.07792 5.27195 -0.08149
757 1.95164 -2.17585 0.0504823
758 1.21886 4.48118 -0.0361325
759 1.58867 5.90774 -0.0435868
760 0.0214842 5.17168 -0.0491507
761 0.691689 1.44601 0.000659122
762 -0.429391 3.06361 -0.0250794
763 0.00455088 4.38329 -0.0417581
764 1.40712 3.80348 -0.0301626
765 0.750001 3.56768 -0.0414014
766 1.51489 -3.02248 0.0347923
767 2.10564 -5.02226 0.0451536
768 1.50252 -0.239093 0.0141756
769 0.769171 5.05795 -0.0241449
770 3.37029 3.13261 0.00110245
771 1.9128 0.526324 0.0439858
772 4.3312 -2.10535 0.0605794
773 1.31833 -5.36982 0.0439687
774 -0.323501 -0.738484 -0.0171761
775 4.77346 -0.877414 0.0163066
776 0.0799385 0.125012 -0.0245
777 4.25066 4.73107 -0.0021434
778 -0.339223 0.464351 -0.0127384
779 0.213552 6.74069 -0.052896
780 2.14107 4.82315 -0.0335201
781 -2.00858 4.43689 -0.0575966
782 -0.0329672 8.18021 -0.100669
783 1.2536 6.46992 -0.0391096
784 -3.89027 -2.77125 0.00181542
785 3.99345 4.52313 -0.0101909
786 -1.26775 -6.10094 0.0391924
787 3.32762 -1.14541 0.0135353
788 4.23906 -1.06127 0.0429342
789 -1.66249 -1.8021 0.0118835
790 -5.55298 2.067 -0.038183
791 -0.710111 10.2246 -0.0913691
792 -3.90476 -0.392265 -0.00817815
793 8.81055 -0.901339 0.029165
794 7.33586 6.60043 -0.02068
795 10.6401 11.8105 -0.0961399
796 -6.40832 1.25938 -0.0407241
797 8.37573 0.518086 0.0014187
798 7.56939 2.32829 -0.0276485
799 5.26549 -5.20406 0.0806802
800 4.55307 -1.47941 0.0249817
801 3.49842 4.36098 -0.023664
802 0.679004 3.95766 -0.0390876
803 1.04304 -0.309865 -0.00120993
804 0.152395 -0.733093 0.0173022
805 4.01309 6.7135 -0.0317707
806 -0.302881 -2.02811 0.0163733
807 -2.27895 4.58896 -0.0627227
808 -0.712619 -4.17148 0.0120213
809 -1.60449 0.476543 -0.019543
810 2.93587 0.304468 0.00764444
811 6.56757 1.83041 0.00973932
812 2.35278 7.58766 -0.0513774
813 -1.36862 1.46583 -0.00805954
814 3.49924 4.47782 -0.0096862
815 3.19209 1.10856 0.0181026
816 -5.18466 1.40103 -0.0314736
817 2.5594 3.70395 0.00161145
818 7.24508 0.702395 0.056051
819 1.71627 2.45792 -0.0181097
820 20.2359 6.03158 -0.024355
821 0.215038 -2.8194 0.0240626
822 5.03972 -7.51252 0.0903154
823 0.0989958 4.02138 -0.039211
824 5.52347 -5.23702 0.0487028
825 5.66959 2.86483 -0.00217902
826 0.542722 7.19484 -0.0666637
827 1.05389 5.92918 -0.0477855
828 0.644156 2.14808 -0.0300484
829 -1.45416 2.46338 -0.0344175
830 2.38492 4.94622 -0.0248344
831 1.09149 3.34488 -0.0241642
832 -6.31584 2.12613 -0.0542896
833 -8.17577 3.80048 -0.0834073
834 4.25881 4.19065 -0.0603015
835 3.90592 6.85406 -0.0637363
836 1.17756 4.15113 -0.044731
837 2.04379 1.10784 0.0108075
838 -3.19582 1.63042 -0.0261505
839 1.934 1.31292 0.0235789
840 0.242544 4.60318 -0.0202939
841 -0.704416 1.11082 0.00461241
842 0.836314 -1.27018 0.0295228
843 1.62701 -3.45489 0.0412661
844 1.02054 -0.224763 0.0182904
845 -0.761941 1.19061 -0.0145907
846 0.389946 1.20595 -0.023489
847 -0.17595 3.17274 -0.0303588
848 2.12898 2.74726 -0.0253289
849 1.88851 -2.54823 0.00852971
850 7.91661 -0.0581527 0.0257512
851 7.92973 1.33157 0.0388606
852 5.20897 -1.34823 0.038324
853 -1.89431 1.83963 -0.0296978
854 2.15243 1.85772 -0.0142848
855 0.0136791 6.27403 -0.0760168
856 4.83215 8.19534 -0.0886771
857 3.39389 2.56632 -0.038662
858 -3.80306 2.62609 -0.0468864
859 -1.2849 1.08172 -0.0063135
860 -0.644291 -0.0700777 -0.00109
861 -3.82054 7.75213 -0.0756491
862 -4.37504 -6.13973 0.0275362
863 15.0818 -1.90605 0.0402956
864 7.51529 8.16553 -0.0915726
865 4.1719 0.46001 0.0118123
866 7.48343 2.72739 0.00854173
867 -0.529759 2.3197 -0.0272157
868 5.64439 -0.588814 0.0273936
869 13.0554 1.58029 0.0495433
870 2.57956 4.57485 -0.0164822
871 1.36202 6.04051 -0.044539
872 0.501718 -2.20203 0.0286466
873 7.82371 0.764927 0.0321
874 -1.01479 0.707875 -0.0187067
875 -0.416035 -1.23675 0.0254412
876 -0.00369661 -2.44086 0.0193089
877 2.52745 -0.143918 0.0300987
878 -2.3075 -0.123744 -0.00405715
879 2.03814 -0.710314 0.0211506
880 7.84657 -3.31489 0.0717943
881 0.8262 -2.52241 0.0291465
882 0.633647 -0.556328 0.0032643
883 -3.61077 3.72435 -0.05395
884 3.37311 0.840647 0.0194716
885 5.93606 -3.12545 0.0565465
886 0.918743 0.897855 -0.0150891
887 -0.953673 0.629609 -0.0246473
888 1.15819 3.75333 -0.0282097
889 0.643682 2.80337 -0.0365716
890 1.00815 6.61127 -0.0563416
891 1.31838 6.74964 -0.0457188
892 -0.0742778 2.27966 -0.0171814
893 -1.84033 0.685326 -0.0190215
894 0.298154 0.647033 -0.00371312
895 -0.401078 4.60059 -0.0467021
896 0.337039 -0.312634 0.00500901
897 -2.02822 0.703923 -0.0225134
898 0.107224 3.19781 -0.0376168
899 0.105576 0.208131 0.00172502
900 2.37296 -1.27608 0.0350144
901 0.55841 0.556602 0.000310578
902 3.09788 4.16344 -0.00495429
903 6.89202 8.35384 -0.00720611
904 2.84853 -3.25287 0.0533613
905 8.73322 -6.63598 0.113895
906 5.17775 1.77784 0.000488085
907 6.43133 12.4713 -0.0495247
908 6.19925 -0.241172 0.0343005
909 1.68959 -3.12149 0.0347875
910 -0.338179 -3.0388 0.038436
911 1.63803 -2.65176 0.0325186
912 -1.28176 -0.605103 -0.0100882
913 2.34279 -1.74891 0.031855
914 -1.13274 2.18278 -0.0260807
915 -2.82302 6.58445 -0.0890922
916 -3.06109 4.25103 -0.0478821
917 -1.21673 3.51854 -0.0272835
918 -2.51097 6.2391 -0.0565721
919 1.80923 1.48206 -0.0353099
920 -11.4277 -1.32268 -0.0519442
921 6.76893 4.20108 -0.0281998
922 0.459056 1.44939 -0.0142922
923 -0.620944 3.67504 -0.0361954
924 3.39277 8.41812 -0.0555845
925 0.281742 -0.822534 0.00345362
926 1.44771 0.0671914 0.0120702
927 0.578864 -0.316622 0.0136752
928 1.74284 2.13883 -0.00073408
929 2.667 -1.47001 0.0123956
930 1.87286 0.638735 -0.0119071
931 5.32728 -2.60511 0.051708
932 4.72755 -5.97708 0.0642544
933 1.91142 -2.24845 0.0121903
934 2.55929 0.408422 0.00336725
935 1.58992 1.24301 -0.0178066
936 1.8347 3.94099 -0.0327075
937 1.8347 3.94099 -0.0327075
938 0.31639 -5.07286 0.0589658
939 -5.82328 -7.45006 0.0372161
940 -1.48115 1.25399 -0.0159518
941 0.776685 16.0304 -0.194171
942 -15.5786 15.2344 -0.157578
943 2.59825 3.50404 -0.0539248
944 -0.037109 3.22855 -0.023219
945 4.60734 2.70827 0.0107877
946 3.12277 1.76224 0.0237015
947 2.39415 0.0729342 0.0453724
948 3.39077 6.85638 -0.0299954
949 2.85391 -1.06678 0.0242752
950 -2.08719 -0.728867 -0.0153062
951 3.03739 -7.35043 0.0744158
952 5.49164 2.47418 -0.0170835
953 -3.90196 8.30658 -0.117609
954 -3.89415 6.66768 -0.0719416
955 2.23307 -0.574323 0.0116775
956 -3.97204 1.2023 -0.0294462
957 -6.38148 -9.55092 0.0355686
958 1.37466 0.603146 -0.00623973
959 -8.19572 -3.10872 -0.044185
960 -2.19331 -1.01862 -0.0146558
961 -0.870604 -1.04801 0.0019332
962 -5.35582 -4.61853 0.00349058
963 2.94022 -6.33394 0.0782706
964 5.94839 6.03184 -0.00127629
965 5.75678 5.35337 0.001951
966 6.04568 2.02993 0.0157798
967 4.3834 -1.39074 0.0300344
968 7.0045 -5.47779 0.0871858
969 2.01006 -1.14369 0.019422
970 6.83467 0.675496 0.0273876
971 0.313998 -0.428398 0.000693877
972 0.545126 3.14969 -0.0476506
973 3.53654 2.80029 -0.00435283
974 3.84273 1.47127 -0.00445763
975 4.49219 3.96022 -0.024236
976 3.72652 8.70018 -0.0751678
977 3.40902 -0.879885 0.0256872
978 4.25019 0.766367 0.0195749
979 -0.626009 -0.021589 -0.00333883
980 8.78352 6.53754 -0.00556082
981 6.27537 9.31806 -0.0446381
982 -0.893264 -1.1832 0.0145718
983 0.0172548 1.10434 0.000904837
984 0.0425718 1.49532 0.00020728
985 -0.0854569 -2.99819 0.0231886
986 10.531 1.24003 0.0671038
987 -1.46337 0.948722 -0.00455745
988 -2.23813 -2.69243 0.0105184
989 -1.23326 -3.99601 0.0374038
990 -3.78293 0.302006 -0.0214474
991 -1.55968 -4.65638 0.0324908
992 1.23378 -3.16722 0.0255633
993 1.95394 -4.0956 0.0232259
994 -2.28192 1.02077 -0.0368761
995 -0.204023 5.86683 -0.0451733
996 2.76484 8.93433 -0.0466074
997 3.61346 5.20296 -0.0398374
998 3.54778 1.97472 0.0212406
999 3.64471 6.57698 -0.0326053
1000 -0.0345219 6.54998 -0.0790317
1001 0.202314 3.10974 -0.0391593
1002 2.67656 1.17591 0.0144802
1003 2.87271 3.32058 -0.0196742
1004 8.28997 3.59902 -0.0349351
1005 0.104724 -1.2674 0.00882601
1006 3.53123 -1.68528 0.0233295
1007 0.718555 -1.20521 0.00544456
1008 3.22629 0.584798 -0.000217852
1009 -0.422923 1.75836 -0.0239538
1010 -2.41329 2.41761 -0.0302685
1011 0.146329 1.10955 -0.0121533
1012 3.2466 -2.11922 0.0243067
1013 2.99528 -1.6435 0.0309376
1014 1.62062 -1.93401 0.0149923
1015 0.384695 9.3763 -0.0673023
1016 6.55124 4.01194 0.0138954
1017 7.0493 6.07202 -0.0016372
1018 5.32551 5.70423 -0.024544
1019 2.62226 6.70681 -0.0428221
1020 3.0088 2.56425 -0.00472653
1021 0.68284 6.4934 -0.0382875
1022 2.87561 1.14656 0.0210113
1023 -1.40252 1.9584 -0.0325538
1024 1.2566 4.24514 -0.0458205
1025 9.30241 5.84004 -0.0144663
1026 6.86747 0.78587 0.0435939
1027 1.00622 3.08015 -0.00528855
1028 4.06267 -1.32594 0.0459922
1029 -3.74447 1.64723 -0.0302676
1030 -0.528273 -4.85674 0.0456685
1031 1.51172 -2.09908 0.0105602
1032 0.596577 0.633768 -0.0158588
1033 -2.1117 2.58815 -0.0451198
1034 4.08986 1.08049 0.0482298
1035 -1.43007 5.28983 -0.0489816
1036 -0.992791 -5.81778 0.052941
1037 12.3316 12.9451 -0.137528
1038 -0.361342 0.244384 -0.0195251
1039 8.53839 11.2034 -0.0662861
1040 1.47743 2.01951 -0.0140861
1041 -2.23278 -3.45712 0.00548219
1042 18.0965 -0.58979 0.0971357
1043 8.12881 -4.28729 0.0637585
1044 2.23124 -0.782761 -0.0012643
1045 1.70036 2.45083 -0.0109207
1046 1.61642 0.213003 0.00848311
1047 -0.933489 -1.85746 0.0180346
1048 1.32348 0.447065 0.00589069
1049 1.48484 8.78228 -0.0839547
1050 0.662131 3.69256 -0.0227043
1051 2.84697 3.49308 -0.00601288
1052 13.2291 2.97107 0.0143529
1053 6.50059 2.00253 0.0158379
1054 1.32966 1.32784 -0.00587722
1055 -2.1639 1.05555 -0.030556
1056 0.253554 2.21668 -0.00616625
1057 -0.387106 -0.569926 -4.48302e-05
1058 -1.50511 -3.84722 0.0131996
1059 -1.80304 2.99171 -0.0211985
1060 1.22502 -2.07889 0.0309695
1061 3.28137 -6.15503 0.0622644
1062 3.24751 -2.01103 0.0200091
1063 4.51271 1.97492 -0.0043386
1064 6.09038 3.6454 -0.00474809
1065 1.81357 3.04555 -0.0205562
1066 1.96127 5.78095 -0.0350393
1067 2.51624 8.248 -0.0545277
1068 2.07314 5.54978 -0.00365826
1069 -0.566513 11.6522 -0.0822559
1070 -0.635539 7.77032 -0.0685479
1071 -2.54115 8.19438 -0.084505
1072 0.336424 2.911 -0.0260503
1073 -0.0409719 2.95019 -0.0199886
1074 -4.97131 1.9785 -0.0228099
1075 1.79649 -1.39859 0.00482314
1076 2.68805 -4.1927 0.0494257
1077 7.27155 -0.724404 0.0262086
1078 5.34833 2.22159 -0.00193206
1079 4.51677 4.04262 -0.00947462
1080 1.98593 2.31836 -0.00630122
1081 3.07309 1.65202 0.00133781
1082 2.63849 1.99101 0.0101418
1083 5.18966 3.57967 0.00959519
1084 2.46287 0.789715 0.0285938
1085 3.0264 11.0973 -0.0951932
1086 0.425231 1.25594 -0.0215939
1087 3.17909 1.68215 0.0154377
1088 6.44765 1.72821 0.0185219
1089 1.64588 -0.430302 0.0141619
1090 2.80481 -3.47463 0.0836723
1091 9.2122 4.89539 0.00673472
1092 -0.210939 5.14517 -0.0590802
1093 -3.32367 1.89256 -0.0421539
1094 9.37916 -10.5358 0.150435
1095 4.92895 2.71957 0.0121836
1096 0.347018 3.42907 -0.017002
1097 0.942977 -1.23931 0.0293526
1098 -1.7375 -0.298327 -0.0459391
1099 -1.68367 1.29128 -0.032659
1100 -0.367862 -0.139994 0.0113762
1101 -1.25139 2.65971 -0.0442382
1102 0.973212 -1.74613 0.025363
1103 1.18025 3.56642 -0.0153563
1104 -0.827456 7.0432 -0.0677226
1105 2.84758 5.75938 -0.0445839
1106 -0.876423 6.03392 -0.0597298
1107 -0.232248 3.20861 -0.0115412
1108 0.531392 5.82071 -0.0485188
1109 -1.82995 2.2668 -0.0643105
1110 1.42225 1.41416 -0.0507982
1111 5.27822 -0.759625 0.0201845
1112 6.28823 -1.38702 0.0401785
1113 15.512 9.42898 0.0351373
1114 8.75986 4.87811 -0.0273649
1115 11.533 -2.6035 0.0956031
1116 11.3822 5.56009 0.0301995
1117 9.02856 5.99027 -0.0118908
1118 -1.34762 -7.50388 0.0477494
1119 -6.88592 8.24551 -0.0998345
1120 -6.88592 8.24551 -0.0998345
1121 12.4268 2.92484 0.0313487
1122 4.68198 10.2344 -0.100752
1123 3.50826 7.81286 -0.0639389
1124 4.85758 1.34201 0.0433082
1125 9.38871 -6.95475 0.139733
1126 4.6288 -7.74597 0.0609956
1127 -5.07844 5.19866 -0.109627
1128 -2.41565 7.26916 -0.118877
1129 0.470837 -4.42793 0.0264755
1130 1.64093 5.1929 -0.0609748
1131 7.90306 4.94139 0.00942724
1132 6.2284 7.93148 -0.104752
1133 2.24594 12.9424 -0.10913
1134 9.9986 8.98528 -0.0189584
1135 11.7509 1.00264 0.0853015
1136 1.4835 0.210653 0.0389119
1137 4.69521 -0.406547 0.0187415
1138 3.59091 -2.90946 -0.0078501
1139 3.46916 -1.20024 0.0154849
1140 -0.275788 0.369654 -0.0129613
1141 -0.231063 1.84532 -0.0119036
1142 1.82267 3.60391 -0.0251981
1143 2.82624 -1.54208 0.0352513
1144 4.48345 1.68485 0.013265
1145 4.60109 1.44413 -0.0283013
1146 3.56182 -1.05371 0.0239535
1147 4.91258 -0.834802 0.015265
1148 -0.612326 -0.333732 -0.0225072
1149 0.227088 -1.83971 -0.0114426
1150 2.93746 0.583213 -0.0145526
1151 -0.450877 0.771464 -0.017244
1152 0.456409 0.650565 -0.00465435
1153 1.5639 1.16989 0.00680053
1154 4.51297 2.32404 0.0314759
1155 2.62504 8.56316 -0.0320493
1156 5.88815 5.79389 -0.0300249
1157 2.91405 -4.41103 0.0541977
1158 3.88499 -0.541007 0.0207523
1159 3.12746 -0.871949 0.0201789
1160 8.14004 -0.915789 0.0800155
1161 9.74327 -4.54262 0.12863
1162 -5.58396 -5.01988 0.106159
1163 17.5579 9.9068 0.0220968
1164 -2.63597 -1.21684 0.000242399
1165 -7.59304 -4.52965 -0.0397593
1166 1.63867 10.4249 -0.157199
1167 3.50947 3.84185 -0.0525482
1168 3.92995 -1.74128 0.000255544
1169 0.44261 -2.98188 0.0136809
1170 1.0462 2.95506 -0.0307916
1171 -1.81907 -2.32514 0.00145242
1172 -0.887717 4.22951 -0.0656235
1173 7.83348 3.65366 -0.0787767
1174 -1.88862 0.0234105 -0.0211125
1175 1.01174 2.26323 -0.023949
1176 -1.03197 -1.25035 0.0174772
1177 -1.7359 2.17209 -0.0182539
1178 0.494164 6.1856 -0.00254047
1179 -1.05928 5.33866 -0.022157
1180 -2.14277 1.69741 0.01888
1181 -0.38584 -3.27679 0.0401398
1182 4.97702 4.64085 -0.0101955
1183 6.61352 7.89298 -0.0211214
1184 6.63428 8.99529 -0.0246306
1185 8.12013 4.41961 0.0154675
1186 2.1756 0.884525 -0.0283031
1187 2.81586 -3.42832 0.0377125
1188 1.18337 0.369843 0.00714063
1189 -1.72918 -1.99847 0.0306445
1190 2.21975 -7.38621 0.128681
1191 6.37283 4.69723 -0.00334467
1192 -0.220168 2.89889 -0.0223891
1193 2.35233 3.0581 -0.00643299
1194 -0.83667 2.35658 -0.0168247
1195 3.12581 1.74176 0.0121186
1196 -1.54921 6.49013 -0.069234
1197 4.6686 5.99656 -0.0484729
1198 1.55345 4.59671 -0.0406151
1199 0.855764 5.32209 -0.0397418
1200 3.19426 9.62725 -0.0953743
1201 0.54856 6.63419 -0.0486303
1202 -3.75416 1.01524 -0.013938
1203 3.82212 12.6746 -0.0694177
1204 -1.36314 -5.15838 0.0338841
1205 -4.59678 -5.83601 -0.0173853
1206 6.3663 -6.16677 0.105026
1207 -1.21468 -2.62354 -0.0155468
1208 -1.91231 1.09061 -0.00932462
1209 2.2651 -3.35005 0.0490548
1210 5.08278 2.37059 0.0298686
1211 0.55321 9.66727 -0.10829
1212 1.16467 7.11932 -0.102528
1213 4.2623 9.61384 -0.0812371
1214 3.06569 12.5258 -0.146222
1215 1.63649 4.12323 -0.0278438
1216 1.04144 2.6031 0.00487651
1217 3.01136 -0.462099 0.0181756
1218 3.30841 -10.0488 0.086466
1219 2.59335 -3.72017 0.0331613
1220 6.72371 -0.935595 0.0370649
1221 1.90735 -0.650475 0.0059904
1222 -0.285846 2.63798 -0.0335084
1223 0.337985 4.13621 -0.0245765
1224 4.91184 2.46237 0.0160578
1225 4.47613 -4.06492 0.0602182
1226 5.76704 -3.03265 0.0711784
1227 -1.63491 -3.39255 0.0171139
1228 7.66406 10.8399 -0.0727788
1229 4.27548 6.61796 -0.0204331
1230 2.87662 10.2717 -0.0627962
1231 6.29267 4.88802 -0.00283505
1232 0.806699 4.75489 -0.0422212
1233 -0.80964 7.2013 -0.0826115
1234 0.143807 3.95432 -0.052276
1235 -3.76823 6.51587 -0.0801511
1236 5.08096 5.61186 -0.038864
1237 2.66761 0.369937 0.0293911
1238 11.1482 2.50325 0.0563164
1239 -0.514127 1.30121 -0.00955735
1240 3.50219 4.9012 -0.0290583
1241 3.83042 0.699473 0.00683939
1242 -1.14637 -2.12686 0.0085123
1243 0.465518 -0.569824 -0.0144988
1244 0.849395 6.04829 -0.0312709
1245 3.25376 -2.77069 0.0482406
1246 3.29106 -0.821655 0.077791
1247 1.8711 -0.692708 0.0315212
1248 5.4394 1.88699 0.0381003
1249 3.4268 0.110105 0.0278767
1250 6.04484 -0.542425 0.057514
1251 5.96971 0.441313 0.0568875
1252 4.32272 6.48496 -0.0323975
1253 0.702457 8.85209 -0.0848762
1254 2.60677 8.69303 -0.0624644
1255 -3.94152 12.385 -0.109493
1256 -7.16463 -9.13171 0.00656011
1257 0.897566 -5.00366 0.077425
1258 7.09613 -7.84172 0.13013
1259 1.56883 9.64159 -0.125936
1260 0.952909 4.55752 -0.0448598
1261 1.34536 -1.14653 0.0184088
1262 0.314446 2.0455 -0.0190931
1263 0.0729832 -8.89146 0.0397472
1264 -0.979809 1.8866 -0.0223051
1265 -0.529468 4.47917 -0.045213
1266 -3.23977 -0.0332781 -0.0234447
1267 0.319693 -1.50896 0.0452215
1268 -6.1855 -3.55941 0.0157528
1269 9.9723 4.7678 -0.0104952
1270 8.81927 10.0478 -0.0808716
1271 1.02381 2.21074 0.00102948
1272 -3.60039 -0.945631 -0.0425268
1273 -2.3699 9.07402 -0.118682
1274 13.8042 16.8482 -0.107808
1275 5.96677 8.79413 -0.137829
1276 0.608133 0.481725 0.0129956
1277 1.26346 -4.99562 0.0552934
1278 3.374 -0.0452171 0.072496
1279 0.915487 9.08686 -0.0299101
1280 1.92757 6.32192 -0.0306527
1281 6.81905 -4.03669 0.0670532
1282 3.02397 -7.38488 0.0646663
1283 3.80563 -2.27137 0.0259393
1284 1.87759 -0.24313 0.0228283
1285 -0.855801 2.12329 -0.00103631
1286 0.56114 1.44795 0.0555881
1287 3.40936 2.30614 0.00955122
1288 -0.73692 1.04493 0.000996868
1289 -0.159244 0.293291 -0.0330039
1290 5.2715 -4.45942 0.0403156
1291 0.64437 2.47623 -0.0170962
1292 8.17297 3.04933 0.0110796
1293 8.8027 -2.93305 0.0400805
1294 0.797313 1.2607 -0.01129
1295 1.91782 -3.65553 0.0538937
1296 -7.80589 -3.85765 -0.0262656
1297 4.48115 -0.995841 0.026566
1298 1.8658 -1.13568 0.0223496
1299 6.9839 6.89003 -0.0148054
1300 18.061 -13.6601 0.210675
1301 6.15248 1.21794 0.0382217
1302 2.62729 -1.04882 -0.00808059
1303 3.82239 5.43282 -0.0670652
1304 13.7999 8.60292 -0.0561565
1305 3.08361 9.50973 -0.0762819
1306 -0.837428 -1.3286 0.00225138
1307 6.7616 6.77838 -0.0122883
1308 5.79332 -0.935512 0.0470225
1309 5.14726 3.37446 0.00864465
1310 7.37008 -0.0592104 0.0465361
1311 3.49103 0.734722 0.00411008
1312 2.28948 2.58033 -0.0358565
1313 2.94592 1.58403 -0.0166866
1314 -9.75999 -5.68953 0.00256629
1315 2.03545 7.2015 -0.0351071
1316 1.91407 4.79503 -0.0138664
1317 3.80966 5.73473 -0.024035
1318 -2.0583 -0.564319 -0.00934892
1319 -1.65382 2.93715 -0.0345265
1320 5.8086 12.0838 -0.0657024
1321 0.233591 1.42847 -0.0120492
1322 9.2061 -0.0432121 0.0115266
1323 0.479704 -1.03835 -0.00359379
1324 -0.661856 -4.5603 0.0238221
1325 5.0207 -0.790646 0.0162583
1326 12.3153 4.57315 -0.0641061
1327 -0.913956 5.64001 -0.0519035
1328 -0.221025 13.4981 -0.117908
1329 2.18714 11.7856 -0.112635
1330 1.04998 4.54684 -0.0197587
1331 1.51871 1.02659 0.00337345
1332 -1.37534 3.7574 -0.0430428
1333 0.126979 -6.46196 0.0393956
1334 5.66707 3.46037 -0.00805156
1335 0.564895 6.13808 -0.0547722
1336 12.3981 -0.497793 0.0365881
1337 5.21846 -6.27321 0.0416989
1338 -4.51985 2.61744 -0.0613391
1339 5.02863 5.31167 -0.0495722
1340 -1.38776 -5.07255 0.0349894
1341 8.58443 0.883084 0.0542303
1342 6.29866 2.22307 0.0376012
1343 1.11383 1.03787 0.00241833
1344 4.89893 7.8212 -0.0432377
1345 -2.27068 6.80745 -0.0555324
1346 -0.611011 6.18682 -0.0390393
1347 2.2942 12.182 -0.0825643
1348 2.7269 2.4648 -0.00361912
1349 -0.660532 1.86912 -0.0257567
1350 2.83213 0.504805 0.0277531
1351 2.40142 -0.154276 0.0209154
1352 1.84825 7.35723 -0.0679533
1353 -2.19476 1.43688 -0.0228024
1354 -1.82124 1.25994 -0.0111272
1355 -0.644329 8.94225 -0.060376
1356 5.5001 7.36288 -0.0250054
1357 3.46834 0.810094 0.0177896
1358 3.28275 5.30616 -0.0317731
1359 -0.463335 -2.38341 -0.0023043
1360 4.37111 1.58645 0.00831121
1361 -4.1659 1.72607 -0.0455522
1362 12.1856 -3.60287 0.0960046
1363 1.26986 -5.99112 0.0434717
1364 7.55444 -8.02125 0.137638
1365 -7.60255 -5.40617 0.00216324
1366 -6.55879 0.0965415 -0.0429768
1367 0.432861 0.0836243 0.00472754
1368 10.9813 4.19453 0.0389104
1369 -0.420701 -2.25631 0.0413323
1370 6.65404 1.37109 0.0219115
1371 0.0491395 5.02669 -0.0490757
1372 3.24461 6.14804 -0.0464241
1373 6.78172 1.35661 0.0257542
1374 5.08335 10.5508 -0.110471
1375 4.82906 9.11744 -0.100138
1376 0.806281 2.86324 -0.0113899
1377 -1.62916 8.93314 -0.0596914
1378 -3.34784 10.2121 -0.0902487
1379 5.7503 0.206117 0.0358604
1380 -1.53894 0.402294 -0.0381677
1381 0.224752 -2.27933 -0.00912447
1382 1.04234 -2.66047 0.0216653
1383 3.40153 -0.316216 0.0085536
1384 9.05878 -0.20321 0.0853674
1385 6.66315 4.15646 0.0116644
1386 11.5493 3.8226 0.0584774
1387 8.22062 4.04127 -0.0113792
1388 11.5312 -8.80802 0.0975238
1389 2.58379 -0.864072 0.0248389
1390 5.42333 1.45396 0.0191642
1391 4.31052 3.3138 -0.00497091
1392 0.442141 4.07918 -0.0139886
1393 3.40192 -3.03993 0.0490875
1394 -6.4463 -3.90356 0.0103562
1395 -2.05169 6.43036 -0.0582303
1396 14.7954 0.655595 0.0295484
1397 3.94669 2.91358 -0.0123801
1398 10.8515 10.8566 -0.0765477
1399 -2.42531 2.77737 -0.029264
1400 1.28248 6.43329 -0.0524387
1401 2.26459 2.88918 -0.00719613
1402 0.916416 5.17899 -0.0471168
1403 1.62319 -0.822147 0.0154984
1404 0.709232 -1.30019 0.0130817
1405 6.15838 3.8542 0.00160536
1406 5.5667 2.22845 0.0107476
1407 9.48918 2.52179 0.0129381
1408 0.507293 -1.58905 0.0232415
1409 10.1307 4.74054 -0.0253479
1410 -6.0274 -1.32309 -0.00956214
1411 -2.45391 2.69552 -0.0227511
1412 2.8803 6.60015 -0.035344
1413 4.66482 5.80412 -0.0228858
1414 -1.45785 -0.483981 -0.0151801
1415 1.9019 -0.294955 0.00672895
1416 -0.0793461 13.4213 -0.12792
1417 1.64655 -0.450689 -0.000105574
1418 -0.641736 3.63803 -0.0504964
1419 0.0151803 2.61534 -0.0445783
1420 -1.60073 4.52637 -0.0497096
1421 1.2608 3.9934 -0.0140209
1422 5.17936 8.43222 -0.0671175
1423 -2.42838 13.3093 -0.118123
1424 9.86307 8.10016 -0.0652092
1425 1.97051 1.29039 -0.00763595
1426 2.68598 0.893452 -0.01976
1427 7.24131 -4.33835 0.0867599
1428 0.551012 -5.03546 0.0449243
1429 11.2478 1.3534 -0.00328542
1430 0.442478 11.6354 -0.101953
1431 -2.48403 14.638 -0.118483
1432 8.37086 5.52453 -0.056162
1433 -4.08987 -0.0296596 -0.0366898
1434 0.85315 1.97311 -0.0247559
1435 3.89481 -4.45017 0.057287
1436 2.06226 -1.95409 0.0433408
1437 -3.82553 1.45057 -0.0501141
1438 5.48744 4.3814 0.0141106
1439 2.6703 2.38599 0.0581543
1440 19.8394 4.71283 0.0755644
1441 3.86184 -2.79463 0.0533814
1442 6.1625 5.80343 -0.0129076
1443 4.61461 1.73796 0.0555003
1444 -0.397792 0.317869 -0.0118596
1445 -4.13861 5.88241 -0.0271177
1446 -1.63881 -0.27528 0.0324274
1447 -0.972124 -7.25038 0.0574355
1448 4.70913 3.47187 0.000233124
1449 2.84805 -3.56092 0.0441995
1450 3.43365 5.60897 -0.0203237
1451 2.34098 -0.270809 0.0251586
1452 0.0716687 -1.42539 0.0222118
1453 4.1616 2.60428 -0.0131699
1454 0.882704 3.75953 -0.041213
1455 3.22008 3.64032 -0.0337639
1456 -0.311484 -2.42265 0.0100431
1457 3.94835 2.88449 -0.00696264
1458 -0.0076196 2.33645 -0.0240208
1459 6.62715 -1.24984 0.0341101
1460 4.60375 -0.718354 -0.00263081
1461 -10.6879 1.2971 -0.0231487
1462 9.34602 2.04635 0.0271499
1463 1.51106 -1.89175 -0.00195287
1464 0.887756 0.89837 -0.0378408
1465 -0.440012 8.53741 -0.120222
1466 -4.28409 6.84707 -0.134139
1467 -4.58404 -4.26241 -0.00932653
1468 -0.478131 0.270865 -0.0194554
1469 7.04092 5.15282 -0.0387637
1470 3.78447 -4.98992 0.0606742
1471 -0.768717 -1.34041 0.0234575
1472 3.95799 2.40739 0.024152
1473 3.98375 2.33742 0.00957335
1474 1.74405 -2.14195 0.0187045
1475 -0.952281 1.69718 -0.0176752
1476 1.81534 -0.725924 0.00178954
1477 4.57337 -1.19325 0.0308142
1478 2.10831 -1.64142 0.0141192
1479 -9.05519 -1.8647 -0.0276081
1480 2.61254 -0.435996 0.0104481
1481 8.37812 6.22157 -0.0176212
1482 2.75717 -2.5797 0.0553865
1483 1.7412 2.71479 -0.00304143
1484 -1.18696 0.787174 -0.00377814
1485 4.38477 -0.98579 0.0441109
1486 0.945282 0.523301 0.0250301
1487 2.22139 4.93492 -0.0169744
1488 -1.05592 11.5841 -0.117139
1489 -2.11266 1.5883 -0.0282229
1490 2.29681 5.94624 -0.0404508
1491 -1.03565 0.146185 -0.00141141
1492 -5.94176 -6.22684 0.00629728
1493 -3.22503 -3.53482 0.0330252
1494 -8.42132 -2.80051 0.0166859
1495 -4.04451 -1.53909 0.0119317
1496 -6.87302 4.76987 -0.0638861
1497 -14.4669 3.31082 -0.0837967
1498 -6.90983 -1.32008 -0.0251414
1499 -3.10959 7.96246 -0.0854127
1500 -3.49517 -1.7192 0.00429093
1501 -4.92907 3.92187 -0.0424697
1502 -1.49954 7.20797 -0.0630236
1503 2.50709 2.50549 0.00293724
1504 -1.91426 1.80737 -0.0357151
1505 -2.5744 1.97883 -0.0408614
1506 -5.46076 3.98414 -0.0627962
1507 11.7811 -0.956447 0.0839827
1508 0.617644 -1.14573 0.0103094
1509 1.85784 0.292585 -0.0101925
1510 6.99208 2.23912 -0.00560708
1511 8.41915 0.194911 0.0558386
1512 -7.19307 1.09421 -0.0102004
1513 13.2576 -7.63154 0.193172
1514 -3.2694 -1.65737 -0.00761812
1515 2.95101 -0.549543 -0.00183977
1516 2.71879 6.4927 -0.0547288
1517 1.68397 0.31564 0.0222395
1518 7.52375 -5.64777 0.0798851
1519 2.40076 -0.318579 -0.00845414
1520 -0.217733 8.26187 -0.0741693
1521 3.81642 0.673912 0.00908997
1522 -1.3807 2.10545 -0.0538751
1523 10.2899 -1.39833 0.0683633
1524 11.4122 -10.2389 0.119791
1525 -3.44428 -1.77405 -0.0224593
1526 4.15429 0.304386 -0.00435709
1527 5.25446 -0.963588 0.028247
1528 1.10675 2.1753 -0.00775837
1529 12.7497 1.22976 0.0321721
1530 1.42056 0.183656 0.0214692
1531 2.80973 1.24949 0.0185529
1532 -2.70585 -2.82891 0.00563596
1533 -2.70585 -2.82891 0.00563596
1534 11.0496 7.93705 -0.109273
1535 7.4344 0.0900952 0.0209403
1536 9.54643 4.02123 -0.0371169
1537 5.80895 0.0576139 0.0162203
1538 -0.351007 5.05465 -0.0427049
1539 4.00736 0.964816 0.0322058
1540 -2.25943 4.17261 -0.0378059
1541 5.78172 0.623312 0.0504307
1542 -0.94738 -8.34058 0.0531208
1543 -0.655798 -3.45842 0.0185294
1544 6.61255 1.98141 0.035578
1545 2.52355 0.497548 0.0157088
1546 -2.16103 2.15842 -0.024164
1547 -1.30621 0.712736 -0.015584
1548 2.1911 -4.40301 0.0542883
1549 0.669365 -4.41701 0.0557861
1550 -2.89717 -3.64716 0.0055635
1551 5.26436 -6.12783 0.0710509
1552 1.42428 -0.321928 0.00898323
1553 0.0741615 0.579129 0.00734307
1554 2.78264 6.45525 -0.0421237
1555 -8.11895 6.47432 -0.0975968
1556 0.62758 7.60857 -0.0583163
1557 0.37523 2.42207 -0.0191228
1558 0.715154 4.14468 -0.0162494
1559 1.93518 6.318 -0.0480725
1560 -4.22177 9.0973 -0.113304
1561 -4.95105 2.88448 -0.0654413
1562 0.629734 -0.528688 0.00379001
1563 3.99611 -0.318759 0.0191029
1564 17.2646 -8.32179 0.166504
1565 2.52135 6.4837 -0.0335157
1566 13.0848 -7.61626 0.0978381
1567 2.25953 7.36618 -0.111282
1568 0.509499 2.73914 -0.0391578
1569 0.509499 2.73914 -0.0391578
1570 3.24541 5.948 -0.00585695
1571 14.3147 -0.776724 0.0519141
1572 7.75058 -0.768833 0.0630155
1573 2.63044 4.24381 -0.0324417
1574 -3.0917 6.01069 -0.0993233
1575 -2.5073 7.81464 -0.101264
1576 1.42131 5.77753 -0.0520664
1577 -2.66539 -0.43986 -0.00146134
1578 0.0209414 3.33008 -0.0299451
1579 -0.960899 -1.14829 0.0019001
1580 0.441358 -1.75059 0.0309939
1581 -2.00191 4.80498 -0.0463544
1582 2.09017 0.941706 0.0150499
1583 1.03462 -1.4273 0.021441
1584 1.65659 -5.12148 0.0317008
1585 6.95993 -0.568788 0.0290096
1586 -3.91382 5.72562 -0.0546305
1587 6.20111 0.424663 0.0629324
1588 1.33612 -2.66468 0.0123759
1589 5.29168 -3.75726 0.0573836
1590 -1.24384 -1.99983 -0.0145458
1591 -1.52772 0.455184 -0.0106068
1592 5.48102 -2.51794 0.0465805
1593 3.10192 1.24614 -0.0177373
1594 1.19047 4.38834 -0.0332161
1595 0.847567 -1.48022 0.0337258
1596 -0.845228 6.30319 -0.0450068
1597 6.736 -6.78256 0.10252
1598 2.40617 -4.65444 0.071741
1599 -4.34207 -0.794014 0.000308244
1600 13.5068 -6.21941 0.114048
1601 -3.2495 -4.78796 -0.00293735
1602 -9.13565 5.48269 -0.039512
1603 0.61229 5.54458 -0.0440444
1604 1.94814 2.47402 0.0232856
1605 5.41263 4.44531 -0.00144745
1606 -6.97555 -3.98065 0.0296429
1607 -4.29681 8.90571 -0.0952851
1608 -1.2181 5.09819 -0.053292
1609 -3.86433 -3.15439 -0.00536794
1610 -1.54031 -1.95518 -0.00671801
1611 -0.164499 9.60765 -0.0749222
1612 1.31399 2.95668 -0.0138995
1613 0.140129 10.3613 -0.0790579
1614 0.805485 4.70051 -0.0274285
1615 1.988 -3.14296 0.026134
1616 -2.20005 5.78036 -0.0507775
1617 -2.62045 7.25591 -0.0871236
1618 -3.02906 1.26895 -0.0257622
1619 3.78131 -1.88132 0.0260733
1620 9.72445 -1.5452 0.0128769
1621 2.6749 0.98082 0.025707
1622 1.80717 0.508181 0.00889428
1623 -1.77255 2.13162 -0.0375197
1624 5.24518 1.52887 -0.00743979
1625 1.68463 -1.01614 0.00793752
1626 4.65851 1.5573 -0.00443532
1627 7.83256 3.6885 -0.0369354
1628 1.63627 0.0712533 -0.00158229
1629 -0.0928148 1.39532 -0.0171207
1630 3.06107 0.35886 0.00127091
1631 3.05227 -1.0833 0.028067
1632 5.56071 -5.64721 0.0712735
1633 2.2278 0.0346879 -0.00313105
1634 1.13483 0.733029 -0.00993291
1635 -2.75306 -3.24073 0.0250395
1636 14.8417 -0.533543 0.0485917
1637 7.04498 2.27961 0.0436318
1638 0.397471 2.76869 0.00597076
1639 6.12751 8.09187 -0.0304685
1640 -2.64387 1.06844 -0.0186655
1641 1.91142 -3.09461 0.0297731
1642 0.510498 -3.34764 0.0128972
1643 3.6929 1.03919 -0.00511037
1644 7.52406 -1.22076 0.0309181
1645 7.52406 -1.22076 0.0309181
1646 -2.67182 -1.163 0.0090264
1647 2.03577 -1.01938 0.0505151
1648 -1.2395 1.39969 -0.0103605
1649 -3.32151 1.40466 -0.0386773
1650 -1.11783 0.940707 -0.0231933
1651 2.61768 -0.831157 0.0255232
1652 0.462743 0.874973 -0.0159349
1653 -0.835866 2.12957 -0.0326873
1654 2.91182 4.1435 -0.0241587
1655 1.45501 0.539644 0.0133386
1656 2.44907 -0.128024 0.01308
1657 0.200989 -0.659189 0.00152302
1658 1.73865 2.36653 -0.0140691
1659 5.67434 2.0068 0.0182761
1660 4.50548 7.08109 -0.0595735
1661 1.49684 -3.60836 0.0348768
1662 0.297908 -1.87761 0.0133093
1663 0.496472 -1.56178 0.0185197
1664 1.6475 -0.62818 0.0170755
1665 0.543975 -1.5811 0.0259899
1666 -0.394982 -0.551251 0.00159633
1667 0.967392 -0.442654 0.00534806
1668 1.80114 3.40797 -0.0178826
1669 2.14769 -3.2765 0.031304
1670 1.28542 -0.524469 0.0191504
1671 3.10142 -2.1624 0.0503361
1672 1.00185 -1.57153 0.0279201
1673 0.00988552 -1.20204 -6.2082e-05
1674 -1.88031 0.720165 -0.0250985
1675 0.958749 1.19213 -0.00136276
1676 -0.660621 0.520585 -0.0129392
1677 -2.19216 6.00241 -0.0544218
1678 1.99024 8.02595 -0.0669023
1679 2.32805 9.03219 -0.0541586
1680 2.56171 4.73975 -0.0313362
1681 4.17956 -3.80887 0.0549149
1682 -1.51976 1.79697 -0.0356007
1683 -0.113661 1.27076 -0.0109053
1684 -0.474826 -0.651342 0.0163965
1685 1.96592 4.9457 -0.00848945
1686 1.46181 2.45162 0.00376798
1687 1.56284 -0.776344 0.012388
1688 2.53166 -2.03453 0.0200263
1689 1.65766 -1.36144 0.0208498
1690 4.02298 -1.50921 0.0426263
1691 2.54413 -2.91131 0.033858
1692 1.60949 -2.12448 0.0190626
1693 4.2945 -2.41986 0.0578387
1694 3.07754 -5.4924 0.0756067
1695 -0.470184 -0.222697 -0.00392904
1696 8.63173 -9.11398 0.121831
1697 1.24782 2.57851 -0.001394
1698 -1.69175 2.29102 -0.0388463
1699 4.97618 -4.77267 0.0764868
1700 0.849651 -0.775379 0.00702373
1701 8.11591 0.0205478 0.045672
1702 2.0495 -0.528184 0.003394
1703 2.29432 1.74206 -0.00536503
1704 2.05537 -0.910137 0.0275659
1705 2.43499 1.19876 0.0183815
1706 0.320651 -0.880369 0.000527249
1707 2.46201 -2.3904 0.036745
1708 4.37107 0.95214 0.00884623
1709 4.47224 3.36119 0.00738581
1710 -1.48427 7.63205 -0.0508129
1711 -11.3893 -2.74173 0.00192961
1712 -2.5962 5.13005 -0.0685361
1713 -0.350965 6.42271 -0.0704883
1714 2.30239 5.84738 -0.0437599
1715 6.9507 2.91725 0.0219331
1716 2.8949 8.03595 -0.0442574
1717 0.182685 -1.04847 0.00319746
1718 2.41502 -2.16781 0.0179087
1719 1.67173 -2.80831 0.0142925
1720 -7.27217 2.30659 -0.122521
1721 0.762436 -0.193023 0.0127977
1722 2.21386 -2.41713 0.0426456
1723 18.4206 14.2152 -0.0302244
1724 1.34541 -0.555624 -0.00199859
1725 1.7878 7.72338 -0.0647852
1726 1.8833 0.511609 0.00755279
1727 7.91936 -0.344322 0.081203
1728 9.73854 -1.92725 0.0877334
1729 3.06321 1.66486 0.00222509
1730 9.27668 4.13016 -0.00329123
1731 0.807732 2.36716 -0.0251297
1732 2.87709 0.139612 0.0164147
1733 2.01652 0.764746 0.0174389
1734 3.43053 1.10064 0.0183227
1735 -1.62246 0.451784 -0.0055898
1736 3.92213 3.12004 0.000227382
1737 1.09251 0.949693 -0.00011957
1738 0.886061 0.333386 0.00107594
1739 4.14234 -1.15887 0.0314671
1740 2.76433 0.235221 0.015752
1741 -6.25413 -3.60629 0.000310696
1742 -0.537428 3.72462 -0.0437606
1743 -1.03674 1.70278 -0.0107329
1744 -2.23702 0.235786 -0.00459191
1745 -1.232 -0.264948 0.0231736
1746 5.53729 0.222924 0.0404232
1747 3.20778 1.17857 0.0142108
1748 23.4282 3.00991 0.0845761
1749 -2.91471 2.30526 -0.0373358
1750 5.85675 2.61322 0.0205218
1751 -0.107842 2.59323 -0.00267348
1752 0.95184 -1.46593 0.0244335
1753 0.894847 -2.02495 0.0304267
1754 1.91646 0.517302 0.00488133
1755 -1.8243 0.635656 -0.00424899
1756 -1.01859 -1.23966 0.00835691
1757 -0.916355 -4.19752 0.0153865
1758 2.87407 2.95947 -0.0260231
1759 -6.08176 -1.53543 -0.0401857
1760 -8.61939 11.3398 -0.155306
1761 0.328855 3.74886 -0.0240984
1762 0.228418 4.39652 -0.0313856
1763 2.13231 -0.881878 0.0346461
1764 7.32987 3.12212 0.0252958
1765 6.79501 -0.313634 0.0459518
1766 10.6441 4.77242 0.0325979
1767 -0.819312 -14.4499 0.11533
1768 4.54378 -0.191807 0.00975063
1769 2.19386 3.67671 -0.0108307
1770 7.27388 -3.48481 0.0625636
1771 2.559 2.09376 0.00240426
1772 3.72138 -0.498769 0.0335669
1773 2.67769 4.56465 -0.0288075
1774 -0.0737315 -0.0480499 0.00227297
1775 -1.87775 4.50375 -0.0348935
1776 -4.16003 0.454736 -0.0160377
1777 -2.12619 1.70002 -0.0158547
1778 -3.69766 1.05442 -0.0363537
1779 -4.47457 -1.7874 -0.0193387
1780 -3.57564 0.0509779 -0.0262227
1781 -3.8859 -5.31832 0.0330924
1782 1.42488 -2.95416 0.0529785
1783 -6.03807 3.8944 -0.0479504
1784 1.565 -4.86695 0.0783493
1785 -2.10916 0.168829 0.00470717
1786 4.43098 -5.96544 0.1081
1787 -5.8691 -1.68703 -0.0437242
1788 -5.70889 -1.13352 -0.0133412
1789 -8.03745 -1.68102 -0.030029
1790 -6.73472 -4.63579 0.0137878
1791 -14.6289 -4.74005 -0.0198712
1792 2.45666 10.1211 -0.048656
1793 -10.2691 -12.5202 0.0694228
1794 -11.9984 -7.03422 -0.00693845
1795 -5.98399 -3.80659 0.0145622
1796 5.55266 2.28638 0.018335
1797 -4.49207 -0.800011 -0.0135322
1798 2.16558 -2.09435 0.0341445
1799 0.378529 -0.66375 0.0112966
1800 0.52375 0.528449 -0.00806558
1801 -1.34994 1.8577 -0.0373922
1802 -0.0334089 0.560569 -0.00995469
1803 0.829419 -1.88592 0.0265326
1804 -5.23532 -1.96223 -0.00202263
1805 11.4071 3.19574 0.0125426
1806 9.64451 9.99086 -0.0642667
1807 5.10103 4.08677 -0.0360518
1808 -3.34051 6.12465 -0.0692296
1809 4.25542 0.530888 0.00611955
1810 0.478623 -2.65987 0.0352283
1811 -0.778552 1.45984 -0.0135908
1812 -1.48896 5.86454 -0.061573
1813 -6.20177 12.9385 -0.144518
1814 0.311849 -1.86279 0.0100115
1815 -1.55126 7.5274 -0.0832817
1816 0.752763 1.3885 -0.00114917
1817 -0.460728 1.77234 -0.0161366
1818 -0.542502 -0.622929 0.0091473
1819 0.43508 -1.42131 0.0117143
1820 0.649173 -1.2199 0.00891767
1821 4.15058 -6.16356 0.0826721
1822 4.13586 1.44087 -0.00245847
1823 -0.189471 4.68754 -0.0611741
1824 -6.88658 0.152691 -0.0672241
1825 -6.80069 -7.9969 0.0244511
1826 8.46283 -1.60835 0.0750659
1827 -1.58171 12.0947 -0.0649793
1828 -1.18229 4.19561 -0.00966517
1829 -1.18229 4.19561 -0.00966517
1830 -6.15175 14.462 -0.227242
1831 0.142631 -11.2332 0.0970867
1832 6.48882 -6.15447 0.0987468
1833 -0.965479 -3.7953 0.0383404
1834 1.66871 -4.57272 0.0420461
1835 -7.43351 1.39098 -0.0376819
1836 8.68433 -5.48392 0.104597
1837 -8.80828 -4.81456 -0.0305374
1838 -6.41457 -8.78363 0.0164601
1839 1.07096 -7.99281 0.054416
1840 -13.1001 5.8471 -0.127342
1841 -2.70025 2.32383 -0.0306422
1842 -5.12089 4.66049 -0.054075
1843 7.60459 0.505574 0.030913
1844 3.92106 3.68716 -0.00647859
1845 4.18456 3.5698 0.00834827
1846 4.25388 2.38301 0.0177802
1847 8.04086 -0.515304 0.0507919
1848 3.70109 2.14291 0.00712983
1849 1.9836 1.55904 -0.00296141
1850 0.179251 3.06575 -0.0270655
1851 -2.72824 1.94796 -0.0306536
1852 -1.5627 0.973277 -0.018982
1853 -2.88924 1.07861 -0.0293128
1854 -1.02521 1.06752 -0.0172942
1855 -1.62136 1.92483 -0.0257264
1856 0.10022 0.53107 -0.00240424
1857 -0.00306277 -0.00179494 -1.94506e-05
1858 1.32826e-13 -1.45379e-14 7.55255e-16
